2.654715212660735250e+08 2.251788082140220702e+07 1.163157938145263679e+07 2.066654888525390706e+05 5.841180169486084022e+06 -7.734417189505005255e+06 -4.644310204454040155e+06 -5.621063191770629957e+06 8.873560910599365830e+06 -3.806861278804321308e+06 -4.816218626746215858e+06 1.479840261526977457e+07 2.529535769143066369e+06 -1.131337247308044462e+06 2.744466504044952337e+06 -4.020615273981857114e+06 1.822580616303520277e+06
2.251788082140220702e+07 3.621310293118125945e+07 1.128203991427230882e+06 -2.124916975121841300e+06 3.514727203882141039e+06 -1.293626944905853365e+06 2.359293088348388555e+05 9.178729327606201405e+05 -2.177411241549682454e+05 -3.859009741076660343e+06 3.669356583709716506e+04 2.129676887304382399e+06 -1.940242807770996122e+06 -1.759001515232849168e+06 -6.723917490584563930e+05 -3.845251284356689430e+05 3.698272144703292870e+05
1.163157938145263679e+07 1.128203991427230882e+06 3.939320100303245336e+07 -2.689654652368011419e+06 1.701841070902862586e+06 -2.100633882247924921e+05 1.786733859265136707e+05 7.085272764808960259e+06 -1.856744499682617316e+05 -3.041048390575561672e+06 1.247808282973022433e+06 5.708686998504638905e+05 -2.170298150886840653e+06 1.717756459562988253e+06 -9.669474285823059035e+05 -3.980097540907745250e+06 -1.897164896621704247e+04
2.066654888525390706e+05 -2.124916975121841300e+06 -2.689654652368011419e+06 2.213323578201873600e+07 -1.682510332670288160e+06 3.342287777742004488e+06 -4.813853052502441569e+05 2.004351335930786096e+06 1.018407489922485314e+06 1.804373103295898472e+05 -1.043628474385986337e+06 -2.195572614202880941e+05 2.675171389707641676e+06 -5.759093423446655506e+05 1.631760401852874784e+06 1.774372285664291354e+06 3.012268293625259539e+05
5.841180169486084022e+06 3.514727203882141039e+06 1.701841070902862586e+06 -1.682510332670288160e+06 1.413930497003723122e+07 1.299929658920288086e+06 2.799160455432129093e+05 1.690226224145507731e+05 4.047991644001464825e+06 3.144469924841308384e+05 5.174336973746337928e+06 4.383879152893066406e+06 1.303505840863037156e+06 1.444008974348144606e+06 1.988900191241455032e+05 2.318563795880127000e+05 2.396292626626968267e+05
-7.734417189505005255e+06 -1.293626944905853365e+06 -2.100633882247924921e+05 3.342287777742004488e+06 1.299929658920288086e+06 2.362471644114623964e+07 1.673356053372802678e+06 4.364868712456054986e+06 -2.392674340869140578e+05 1.573773833188476507e+06 1.081581362731933594e+06 1.869279957509765634e+06 -1.204326141723632754e+05 9.277395285388183547e+05 -1.259356435323486337e+06 1.957557108879547101e+06 -6.570937613616943418e+04
-4.644310204454040155e+06 2.359293088348388555e+05 1.786733859265136707e+05 -4.813853052502441569e+05 2.799160455432129093e+05 1.673356053372802678e+06 2.544183634273681790e+07 -1.294616439799804706e+06 8.017155734897460788e+06 6.442388601789550856e+06 2.373108017607422080e+06 4.478638740710449405e+06 4.649621716362304986e+06 2.834874775041503832e+06 2.120719867108154111e+06 1.113069268954467727e+06 -8.067759178298950428e+05
-5.621063191770629957e+06 9.178729327606201405e+05 7.085272764808960259e+06 2.004351335930786096e+06 1.690226224145507731e+05 4.364868712456054986e+06 -1.294616439799804706e+06 2.222518609241455048e+07 7.649303947119140066e+05 2.533897680864257738e+06 2.974637288583984133e+06 2.805464251186523587e+06 1.828432496359863319e+06 4.301026429702148773e+06 2.956622673944091657e+05 -2.136245382103271317e+06 -3.460527434962463449e+05
8.873560910599365830e+06 -2.177411241549682454e+05 -1.856744499682617316e+05 1.018407489922485314e+06 4.047991644001464825e+06 -2.392674340869140578e+05 8.017155734897460788e+06 7.649303947119140066e+05 1.844642523845214769e+07 6.807138960541992448e+06 5.321977958891601302e+06 4.566404063364258036e+06 6.413506134169922210e+06 2.464846398303222843e+06 1.820603000571899349e+06 -2.876888857774658129e+06 2.443193083407897968e+06
-3.806861278804321308e+06 -3.859009741076660343e+06 -3.041048390575561672e+06 1.804373103295898472e+05 3.144469924841308384e+05 1.573773833188476507e+06 6.442388601789550856e+06 2.533897680864257738e+06 6.807138960541992448e+06 1.510491898313964903e+07 4.181155147221679799e+06 3.680059728823242243e+06 5.713022154726562090e+06 3.835769009611816145e+06 3.500297911010741955e+05 -1.274023464513244573e+06 -9.633806449475097470e+05
-4.816218626746215858e+06 3.669356583709716506e+04 1.247808282973022433e+06 -1.043628474385986337e+06 5.174336973746337928e+06 1.081581362731933594e+06 2.373108017607422080e+06 2.974637288583984133e+06 5.321977958891601302e+06 4.181155147221679799e+06 1.838380546116210893e+07 5.942271434150390327e+06 6.022701821909179911e+06 2.695734437827148475e+06 5.396816295153808314e+05 1.464400172993774293e+06 -2.494041561326293740e+06
1.479840261526977457e+07 2.129676887304382399e+06 5.708686998504638905e+05 -2.195572614202880941e+05 4.383879152893066406e+06 1.869279957509765634e+06 4.478638740710449405e+06 2.805464251186523587e+06 4.566404063364258036e+06 3.680059728823242243e+06 5.942271434150390327e+06 1.313883699916992150e+07 4.929879157338866964e+06 3.584300008491211105e+06 -7.548627587805176154e+05 1.032298700542602572e+06 -2.504329152398986742e+06
2.529535769143066369e+06 -1.940242807770996122e+06 -2.170298150886840653e+06 2.675171389707641676e+06 1.303505840863037156e+06 -1.204326141723632754e+05 4.649621716362304986e+06 1.828432496359863319e+06 6.413506134169922210e+06 5.713022154726562090e+06 6.022701821909179911e+06 4.929879157338866964e+06 1.360768810403320380e+07 3.300273649116211105e+06 1.093148837907714769e+06 1.017167592568359338e+06 -1.863775774223327637e+06
-1.131337247308044462e+06 -1.759001515232849168e+06 1.717756459562988253e+06 -5.759093423446655506e+05 1.444008974348144606e+06 9.277395285388183547e+05 2.834874775041503832e+06 4.301026429702148773e+06 2.464846398303222843e+06 3.835769009611816145e+06 2.695734437827148475e+06 3.584300008491211105e+06 3.300273649116211105e+06 9.321653323850097135e+06 -8.297079199035644706e+04 -4.174252698394775507e+04 -8.220741064391327091e+05
2.744466504044952337e+06 -6.723917490584563930e+05 -9.669474285823059035e+05 1.631760401852874784e+06 1.988900191241455032e+05 -1.259356435323486337e+06 2.120719867108154111e+06 2.956622673944091657e+05 1.820603000571899349e+06 3.500297911010741955e+05 5.396816295153808314e+05 -7.548627587805176154e+05 1.093148837907714769e+06 -8.297079199035644706e+04 8.174449164693603292e+06 -3.405810553102112026e+05 1.403157065030021593e+06
-4.020615273981857114e+06 -3.845251284356689430e+05 -3.980097540907745250e+06 1.774372285664291354e+06 2.318563795880127000e+05 1.957557108879547101e+06 1.113069268954467727e+06 -2.136245382103271317e+06 -2.876888857774658129e+06 -1.274023464513244573e+06 1.464400172993774293e+06 1.032298700542602572e+06 1.017167592568359338e+06 -4.174252698394775507e+04 -3.405810553102112026e+05 1.009342856433952413e+07 -1.164798257608280284e+06
1.822580616303520277e+06 3.698272144703292870e+05 -1.897164896621704247e+04 3.012268293625259539e+05 2.396292626626968267e+05 -6.570937613616943418e+04 -8.067759178298950428e+05 -3.460527434962463449e+05 2.443193083407897968e+06 -9.633806449475097470e+05 -2.494041561326293740e+06 -2.504329152398986742e+06 -1.863775774223327637e+06 -8.220741064391327091e+05 1.403157065030021593e+06 -1.164798257608280284e+06 1.372154308997604810e+07
