3.958289307214175351e+06 6.068675505064666504e+05 2.616806866579771158e+05 -2.179637438908910844e+05 -5.989380977240180364e+05 -4.881692545697021415e+05 -3.475155311643218738e+05 6.245565654144286782e+03 3.471067276429366902e+05 6.026545881422423990e+05 -1.256916205176086398e+06 -1.163724520725116832e+06 -2.023210670630235691e+06 1.281522235338878585e+06 -2.091996137674001511e+06 6.139493918918323470e+05
6.068675505064666504e+05 3.281165444301191717e+06 -2.068757107351398445e+05 5.143242592555904412e+05 5.628873201412581839e+05 -5.395869958042145008e+05 -2.160255001971588004e+06 -1.854914543574142503e+06 -5.669848705284118187e+05 -6.574291531601714669e+05 -7.254702781951904763e+05 1.949161550568008388e+05 -8.545658453723144485e+05 1.244921184945888584e+06 8.588005035894513130e+05 2.474683863692364655e+06
2.616806866579771158e+05 -2.068757107351398445e+05 4.877865866000404581e+06 -6.732649573070525366e+04 -1.923688622502136277e+05 1.282685199082031148e+06 -8.300635395172119024e+04 -1.219590071122741792e+06 1.037457195364379877e+05 -1.904947057974243071e+05 -3.386641503625488258e+05 1.940836390084533719e+06 2.152186634067764040e+06 -9.045607613516235724e+05 -2.060800830762863188e+04 -1.758898303928918904e+06
-2.179637438908910844e+05 5.143242592555904412e+05 -6.732649573070525366e+04 6.438694294867401011e+06 1.471041746246337891e+06 -1.598766332189941313e+05 3.195872110865478404e+06 -7.869789422424316872e+05 3.416465318038329948e+06 2.022415556011962937e+06 -1.635343491181640653e+06 -5.959552808770751581e+05 2.686157095770263579e+06 2.525958979719543364e+06 -1.973682552529907261e+05 1.134236670688648243e+06
-5.989380977240180364e+05 5.628873201412581839e+05 -1.923688622502136277e+05 1.471041746246337891e+06 9.268657294987792149e+06 3.946752499416504055e+06 4.173678004965820350e+06 4.179200525156249758e+06 2.694106263427734375e+06 6.976009440791015513e+06 1.086415967307128944e+06 -1.076782943671874935e+06 4.166648108140869066e+06 4.256865324651489034e+06 1.246015470105285523e+06 1.820351623588027898e+06
-4.881692545697021415e+05 -5.395869958042145008e+05 1.282685199082031148e+06 -1.598766332189941313e+05 3.946752499416504055e+06 1.992359287037109211e+07 7.572192350668945350e+06 4.955435755971679464e+06 6.217904454125976190e+06 9.100284158012695611e+06 2.962076265747070312e+06 2.417365960114745889e+06 2.777824358041991945e+06 4.355587052292480133e+06 4.717576287449340336e+06 -7.570545170553588541e+05
-3.475155311643218738e+05 -2.160255001971588004e+06 -8.300635395172119024e+04 3.195872110865478404e+06 4.173678004965820350e+06 7.572192350668945350e+06 2.841251296447265521e+07 1.158942341487304680e+07 1.748681170145507902e+07 1.292698604548828118e+07 1.284508969831054658e+07 3.860506771655273624e+06 8.374128883264159784e+06 3.390302119262695487e+04 -3.980716923963317648e+06 5.346969308537750505e+06
6.245565654144286782e+03 -1.854914543574142503e+06 -1.219590071122741792e+06 -7.869789422424316872e+05 4.179200525156249758e+06 4.955435755971679464e+06 1.158942341487304680e+07 3.802977602982421964e+07 1.186949808386718668e+07 1.537117904276367091e+07 1.097899489951171912e+07 8.076336327597656287e+06 5.084835172119140625e+06 -4.321944033717040904e+06 -3.085508193986205850e+06 4.190040261129913386e+06
3.471067276429366902e+05 -5.669848705284118187e+05 1.037457195364379877e+05 3.416465318038329948e+06 2.694106263427734375e+06 6.217904454125976190e+06 1.748681170145507902e+07 1.186949808386718668e+07 5.159614207526367158e+07 2.557221932267577946e+07 3.009585695273437537e+06 1.345560530998535082e+07 3.619614623818359338e+06 6.665416052915038541e+06 -1.993115358635558980e+06 -1.350861086152496282e+06
6.026545881422423990e+05 -6.574291531601714669e+05 -1.904947057974243071e+05 2.022415556011962937e+06 6.976009440791015513e+06 9.100284158012695611e+06 1.292698604548828118e+07 1.537117904276367091e+07 2.557221932267577946e+07 6.830699568644531071e+07 5.242417246010742150e+06 8.928229872084960341e+06 6.629443146804199554e+06 -2.890058032946777530e+05 -4.618700472084960900e+06 6.432963019227905199e+06
-1.256916205176086398e+06 -7.254702781951904763e+05 -3.386641503625488258e+05 -1.635343491181640653e+06 1.086415967307128944e+06 2.962076265747070312e+06 1.284508969831054658e+07 1.097899489951171912e+07 3.009585695273437537e+06 5.242417246010742150e+06 8.303354250662109256e+07 -2.723580672978515737e+06 -1.021905706464843708e+06 -6.325992404571533203e+06 4.560289804028320359e+05 5.715646398661651649e+06
-1.163724520725116832e+06 1.949161550568008388e+05 1.940836390084533719e+06 -5.959552808770751581e+05 -1.076782943671874935e+06 2.417365960114745889e+06 3.860506771655273624e+06 8.076336327597656287e+06 1.345560530998535082e+07 8.928229872084960341e+06 -2.723580672978515737e+06 5.008766590289794654e+07 4.897680187423096038e+06 -5.849998512791748159e+06 -8.658980101950073149e+05 4.425404096545257606e+06
-2.023210670630235691e+06 -8.545658453723144485e+05 2.152186634067764040e+06 2.686157095770263579e+06 4.166648108140869066e+06 2.777824358041991945e+06 8.374128883264159784e+06 5.084835172119140625e+06 3.619614623818359338e+06 6.629443146804199554e+06 -1.021905706464843708e+06 4.897680187423096038e+06 6.041954235482665896e+07 1.339974197471008403e+06 -2.102685203933486715e+06 2.926844618355903774e+06
1.281522235338878585e+06 1.244921184945888584e+06 -9.045607613516235724e+05 2.525958979719543364e+06 4.256865324651489034e+06 4.355587052292480133e+06 3.390302119262695487e+04 -4.321944033717040904e+06 6.665416052915038541e+06 -2.890058032946777530e+05 -6.325992404571533203e+06 -5.849998512791748159e+06 1.339974197471008403e+06 7.172422924705170095e+07 1.951514274642448500e+07 -9.913875403340149671e+06
-2.091996137674001511e+06 8.588005035894513130e+05 -2.060800830762863188e+04 -1.973682552529907261e+05 1.246015470105285523e+06 4.717576287449340336e+06 -3.980716923963317648e+06 -3.085508193986205850e+06 -1.993115358635558980e+06 -4.618700472084960900e+06 4.560289804028320359e+05 -8.658980101950073149e+05 -2.102685203933486715e+06 1.951514274642448500e+07 5.997460737920583040e+07 -7.266114508149862522e+05
6.139493918918323470e+05 2.474683863692364655e+06 -1.758898303928918904e+06 1.134236670688648243e+06 1.820351623588027898e+06 -7.570545170553588541e+05 5.346969308537750505e+06 4.190040261129913386e+06 -1.350861086152496282e+06 6.432963019227905199e+06 5.715646398661651649e+06 4.425404096545257606e+06 2.926844618355903774e+06 -9.913875403340149671e+06 -7.266114508149862522e+05 8.821126099233154953e+07
