1.398246022924021780e+08 7.977324352570587397e+07 6.376962807153259218e+07 5.514150803326171637e+07 6.822143894097839296e+07 6.567149740168762207e+07 7.279206563320311904e+07 6.072724707932373136e+07 5.221911408833496273e+07 5.674741326735534519e+07 3.537087351308349520e+07 4.875028601435485482e+07 4.903540021813567728e+07 3.764030751524597406e+07
7.977324352570587397e+07 1.535977416192434728e+08 9.019453431505188346e+07 6.192980802186217904e+07 8.162756964019775391e+07 8.182015071857665479e+07 8.884126227639770508e+07 6.731212113285644352e+07 6.183856979135376215e+07 7.209462866408568621e+07 3.540569440518676490e+07 5.355695086242187768e+07 6.722155390176726878e+07 5.201643232268371433e+07
6.376962807153259218e+07 9.019453431505188346e+07 1.431294459552246034e+08 7.621630808851318061e+07 8.218665725116333365e+07 9.388491189354492724e+07 9.787929393757323921e+07 7.930340598122315109e+07 5.523211157352539152e+07 6.600875173857422173e+07 5.612865025565917790e+07 7.094223660788086057e+07 5.890787604178527743e+07 3.931686844158691168e+07
5.514150803326171637e+07 6.192980802186217904e+07 7.621630808851318061e+07 1.401817877098901272e+08 1.039702237432031184e+08 9.583364744604492188e+07 1.052484195538037121e+08 8.148168171918456256e+07 6.958776013543212414e+07 7.349199188082274795e+07 7.678147164622558653e+07 6.279868540373291075e+07 4.312924204196228087e+07 3.296945476880859211e+07
6.822143894097839296e+07 8.162756964019775391e+07 8.218665725116333365e+07 1.039702237432031184e+08 1.464301553510522544e+08 1.149036325845117122e+08 1.216247021670849621e+08 9.695377440922851861e+07 8.644599895948241651e+07 9.119655034681640565e+07 8.477775755971436203e+07 7.062177146497558057e+07 6.184908444346435368e+07 3.914757039952880889e+07
6.567149740168762207e+07 8.182015071857665479e+07 9.388491189354492724e+07 9.583364744604492188e+07 1.149036325845117122e+08 1.595463312901025414e+08 1.233075707760058641e+08 1.058274579361376911e+08 1.025821760229492188e+08 1.056282335014306605e+08 7.585818175595214963e+07 8.721765344748778641e+07 6.126097962396972626e+07 4.604891941129943728e+07
7.279206563320311904e+07 8.884126227639770508e+07 9.787929393757323921e+07 1.052484195538037121e+08 1.216247021670849621e+08 1.233075707760058641e+08 1.743657327568212748e+08 1.079785617809765637e+08 9.817180394242675602e+07 1.062678128810009807e+08 1.001237461477075219e+08 9.121024005497314036e+07 6.823716233131714165e+07 5.078187725998535007e+07
6.072724707932373136e+07 6.731212113285644352e+07 7.930340598122315109e+07 8.148168171918456256e+07 9.695377440922851861e+07 1.058274579361376911e+08 1.079785617809765637e+08 1.424165778501855433e+08 8.892291540322265029e+07 8.966764915791504085e+07 8.772713026316894591e+07 7.275037342651611567e+07 4.812927943195679039e+07 3.212854538332763687e+07
5.221911408833496273e+07 6.183856979135376215e+07 5.523211157352539152e+07 6.958776013543212414e+07 8.644599895948241651e+07 1.025821760229492188e+08 9.817180394242675602e+07 8.892291540322265029e+07 1.294165162511718720e+08 9.084792223595215380e+07 7.983460969558593631e+07 5.489008511233886331e+07 4.794753640637329221e+07 3.242607170464599505e+07
5.674741326735534519e+07 7.209462866408568621e+07 6.600875173857422173e+07 7.349199188082274795e+07 9.119655034681640565e+07 1.056282335014306605e+08 1.062678128810009807e+08 8.966764915791504085e+07 9.084792223595215380e+07 1.335847134624169916e+08 7.461418360623046756e+07 7.199058504636473954e+07 5.816553980889770389e+07 4.399383763588622957e+07
3.537087351308349520e+07 3.540569440518676490e+07 5.612865025565917790e+07 7.678147164622558653e+07 8.477775755971436203e+07 7.585818175595214963e+07 1.001237461477075219e+08 8.772713026316894591e+07 7.983460969558593631e+07 7.461418360623046756e+07 1.253893122619628906e+08 4.982372097567626834e+07 5.130778193300171196e+07 2.642998426905761659e+07
4.875028601435485482e+07 5.355695086242187768e+07 7.094223660788086057e+07 6.279868540373291075e+07 7.062177146497558057e+07 8.721765344748778641e+07 9.121024005497314036e+07 7.275037342651611567e+07 5.489008511233886331e+07 7.199058504636473954e+07 4.982372097567626834e+07 1.462354455854772925e+08 6.370160004068115354e+07 4.164959674047546089e+07
4.903540021813567728e+07 6.722155390176726878e+07 5.890787604178527743e+07 4.312924204196228087e+07 6.184908444346435368e+07 6.126097962396972626e+07 6.823716233131714165e+07 4.812927943195679039e+07 4.794753640637329221e+07 5.816553980889770389e+07 5.130778193300171196e+07 6.370160004068115354e+07 1.218810572351669371e+08 6.385040840501587093e+07
3.764030751524597406e+07 5.201643232268371433e+07 3.931686844158691168e+07 3.296945476880859211e+07 3.914757039952880889e+07 4.604891941129943728e+07 5.078187725998535007e+07 3.212854538332763687e+07 3.242607170464599505e+07 4.399383763588622957e+07 2.642998426905761659e+07 4.164959674047546089e+07 6.385040840501587093e+07 1.302115532251794487e+08
