3.503093100271703850e-07 -5.227028967688290541e-07 -6.942606173626435368e-07 -6.021696785460287199e-07 -4.354637961133466820e-07 -2.692959088587511603e-07 -1.286576021802797911e-07 -1.785188866124623351e-08 6.629197732488039176e-08 1.287718976842511681e-07 1.741840401312508581e-07 2.059603463559969202e-07 2.261783936488472471e-07 2.355592523794114808e-07 2.335315950953644910e-07 2.184218913895351499e-07 1.880527205001175673e-07 1.414384860554148691e-07 8.310639384309327729e-08 3.332033011659566930e-08 1.132901627812157437e-07 -1.654452056715863372e-07 -4.242997059524899219e-07 -6.021438487871072188e-07 -7.001399111927341046e-07 -7.377748535348723979e-07 -7.358105277791817718e-07 -7.108304778934053041e-07 -6.744110149441424036e-07 -6.338646397946714145e-07 -5.933027681250921363e-07 -5.545625179279346877e-07 -5.178791516892432226e-07 -4.823209432409748118e-07 -4.460641734456467004e-07 -4.066446268315360486e-07 -3.614398129197875110e-07 -3.089017122817238826e-07 -2.516393300177158531e-07 -2.036775555125858853e-07 4.408345393366626666e-08 -6.530803253042966226e-08 -1.666249120224848038e-07 -2.332666804422156764e-07 -2.656833686094492274e-07 -2.722219992033274370e-07 -2.617237408847592171e-07 -2.411783905976808763e-07 -2.153950993514844668e-07 -1.873631950203519792e-07 -1.587643204269307055e-07 -1.304470949417069847e-07 -1.028237195843894125e-07 -7.620581830144814931e-08 -5.111521796414119249e-08 -2.860473627892843816e-08 -1.060694758406099238e-08 -2.819885349589252750e-10 -2.221809184895820522e-09 -2.210601951623250051e-08 -6.353482532536140064e-09 3.451381849548138092e-08 -6.594919321365702241e-08 -1.726750174300641821e-07 -2.458776982697624603e-07 -2.823809487622784227e-07 -2.904972208611587978e-07 -2.801048899476860579e-07 -2.593293489807085610e-07 -2.339002597784716751e-07 -2.074546725749250176e-07 -1.820681853038136408e-07 -1.587479548884978091e-07 -1.378129211492955615e-07 -1.191613246863151703e-07 -1.024509633218738767e-07 -8.722547960524354676e-08 -7.302657262746953205e-08 -5.954889251125170761e-08 -4.693580740751465697e-08 9.447788144098194473e-09 3.577898572278300521e-08 -1.323271801327019077e-07 -2.927514421394343425e-07 -3.913173058827494189e-07 -4.289896730502410283e-07 -4.227223447708790163e-07 -3.904035422895466583e-07 -3.461295612866124298e-07 -2.995570946495770839e-07 -2.566087090420203466e-07 -2.204177976403654449e-07 -1.921113366348654017e-07 -1.713299696515440756e-07 -1.565135308862779790e-07 -1.450611960850618550e-07 -1.335966413185455034e-07 -1.188340087537798672e-07 -1.001321446629028398e-07 -8.610384242589560112e-08
-5.227028967688290541e-07 7.799345049360348841e-07 1.035918902012118992e-06 8.985083362413375959e-07 6.497634551840564502e-07 4.018213265229695501e-07 1.919723496522198846e-07 2.663712795787322334e-08 -9.891546581380020711e-08 -1.921428920537588856e-07 -2.599031762542683037e-07 -3.073171810690415163e-07 -3.374848973828396795e-07 -3.514822474169132361e-07 -3.484567430820624864e-07 -3.259112792011763258e-07 -2.805968866286953204e-07 -2.110429390815472860e-07 -1.240045627061032915e-07 -4.971787096348469170e-08 -1.690423136529277602e-07 2.468638023190005514e-07 6.331053130798239887e-07 8.984697951879752146e-07 1.044691503333234745e-06 1.100847285720056580e-06 1.097916279511236664e-06 1.060643092464873168e-06 1.006300949000663603e-06 9.458009647368701864e-07 8.852778578334021278e-07 8.274728254806141320e-07 7.727369071154736455e-07 7.196798571661642072e-07 6.655804711177925536e-07 6.067618482187567887e-07 5.393109226988665420e-07 4.609178665961949548e-07 3.754756239022754060e-07 3.039109873070893663e-07 -6.577772388896938585e-08 9.744730387919413940e-08 2.486240636346458219e-07 3.480614591069186989e-07 3.964309894723851374e-07 4.061873991780145098e-07 3.905227568831310800e-07 3.598666658150597611e-07 3.213949477166285656e-07 2.795680331116664905e-07 2.368951318600545205e-07 1.946424843685147719e-07 1.534251432801985800e-07 1.137080883568766625e-07 7.626994696987757645e-08 4.268164757923399945e-08 1.582681952596062056e-08 4.207602249200748336e-10 3.315201919476707098e-09 3.298479402750325351e-08 9.480146913792320227e-09 -5.149869669390877866e-08 9.840399140311757042e-08 2.576515360191315039e-07 3.668785883152482725e-07 4.213457526975948354e-07 4.334561900043274001e-07 4.179496039183592057e-07 3.869500411475714008e-07 3.490068343650533362e-07 3.095468924155391349e-07 2.716672527497656998e-07 2.368707125423224710e-07 2.056331677034900285e-07 1.778027811807711978e-07 1.528689468771098761e-07 1.301507255350277989e-07 1.089642780276578870e-07 8.885398624601983107e-08 7.003377241726441468e-08 -1.409721663005558936e-08 -5.338647573853723979e-08 1.974477936976587920e-07 4.368197545982034905e-07 5.838916736892390769e-07 6.401032983390649795e-07 6.307517037543546159e-07 5.825282304022423418e-07 5.164662176058171348e-07 4.469745925646216470e-07 3.828905247821428163e-07 3.288894072415275755e-07 2.866528216260862080e-07 2.556445657502841765e-07 2.335366878243395961e-07 2.164484506464643050e-07 1.993419798359734390e-07 1.773143871210143230e-07 1.494089953558906533e-07 1.284771102870536110e-07
-6.942606173626435368e-07 1.035918902012118992e-06 1.375920625070954037e-06 1.193410168722050395e-06 8.630240626641743885e-07 5.337041825208979433e-07 2.549801097525798757e-07 3.537977121442962615e-08 -1.313807763207668095e-07 -2.552066263334346356e-07 -3.452066952684251984e-07 -4.081825778545475296e-07 -4.482517213046964948e-07 -4.668431791599505859e-07 -4.628246659274214488e-07 -4.328794948380145476e-07 -3.726923438632278068e-07 -2.803099085207123236e-07 -1.647044330389445097e-07 -6.603590682668574645e-08 -2.245241450976590368e-07 3.278876334184102379e-07 8.408985070323030338e-07 1.193358978006126522e-06 1.387572505415837019e-06 1.462159327852368519e-06 1.458266328229431489e-06 1.408759608427712017e-06 1.336581684212080628e-06 1.256224837741440899e-06 1.175837279487501821e-06 1.099059902327369351e-06 1.026358961293747774e-06 9.558879145845137417e-07 8.840324238476918433e-07 8.059087828678237650e-07 7.163196080562841801e-07 6.121969566165787992e-07 4.987114861356988479e-07 4.036584280963426570e-07 -8.736680718274660937e-08 1.294307450173077857e-07 3.302256348247042101e-07 4.622996447379211105e-07 5.265446684801970541e-07 5.395032555998487574e-07 5.186972790161365951e-07 4.779794700229000443e-07 4.268808460758608729e-07 3.713258075721078245e-07 3.146471188739242346e-07 2.585266165502955273e-07 2.037812213230779515e-07 1.510285252095792903e-07 1.013027109603747543e-07 5.669030568146809031e-08 2.102138243905714538e-08 5.588590675896864417e-10 4.403293238903998882e-09 4.381082180082471938e-08 1.259165137546356573e-08 -6.840122214952449227e-08 1.307014295210440536e-07 3.422160381486962410e-07 4.872927944256780903e-07 5.596367730105228963e-07 5.757220094480438526e-07 5.551259651257708892e-07 5.139519526604498597e-07 4.635553041467538200e-07 4.111441087462436368e-07 3.608318908832822609e-07 3.146146848263821057e-07 2.731245815597602882e-07 2.361599091844148280e-07 2.030424742057953348e-07 1.728678444652018235e-07 1.447277361606307649e-07 1.180169915407522104e-07 9.301974482102082312e-08 -1.872410193472830170e-08 -7.090859422086704334e-08 2.622526639833291058e-07 5.801895386045090189e-07 7.755323269763299628e-07 8.501933198148769701e-07 8.377724132734358228e-07 7.737213843088590898e-07 6.859769809933576862e-07 5.936773231937363766e-07 5.085600515336753539e-07 4.368350822752765891e-07 3.807359135392077847e-07 3.395503547815450252e-07 3.101863909077570379e-07 2.874895775438207116e-07 2.647685460377721382e-07 2.355112179995389167e-07 1.984469227098776783e-07 1.706449274649924778e-07
-6.021696785460287199e-07 8.985083362413375959e-07 1.193410168722050395e-06 1.035109006186856001e-06 7.485473169516078673e-07 4.629104229592338988e-07 2.211580015997661408e-07 3.068678379044042189e-08 -1.139536333556412963e-07 -2.213544716475658196e-07 -2.994163856094736430e-07 -3.540387651952499676e-07 -3.887928944481088497e-07 -4.049182685805618010e-07 -4.014327953145461511e-07 -3.754597333289560308e-07 -3.232561710805772694e-07 -2.431279022399383813e-07 -1.428570381464702067e-07 -5.727650365273406559e-08 -1.947419008050363843e-07 2.843946291593381511e-07 7.293566292051114254e-07 1.035064605717951989e-06 1.203516472992036127e-06 1.268209646948805900e-06 1.264833038405995107e-06 1.221893190165549806e-06 1.159289383560251082e-06 1.089591556551114560e-06 1.019867091555875452e-06 9.532739313392495378e-07 8.902164840386745095e-07 8.290931443555080305e-07 7.667690016969051509e-07 6.990081542583711326e-07 6.213026309314021895e-07 5.309914394583925764e-07 4.325593700451557974e-07 3.501147260988924672e-07 -7.577794401860334559e-08 1.122622660307606782e-07 2.864225038796650176e-07 4.009774161197528611e-07 4.567005902816838004e-07 4.679402718149592741e-07 4.498941261487334787e-07 4.145773742844282645e-07 3.702567817190279562e-07 3.220709004508371049e-07 2.729104167646828691e-07 2.242340782270915578e-07 1.767504442409377943e-07 1.309951856728013128e-07 8.786530500114244322e-08 4.917055972232162531e-08 1.823297878253132031e-08 4.847286115139541937e-10 3.819213718743474718e-09 3.799948869468955698e-08 1.092141837157669774e-08 -5.932806920606260109e-08 1.133643992355145596e-07 2.968224273877473804e-07 4.226553228552692030e-07 4.854031573711678880e-07 4.993547504943875153e-07 4.814906904012530270e-07 4.457782486601689123e-07 4.020665172493149014e-07 3.566074606684734382e-07 3.129689605147883653e-07 2.728822849659116581e-07 2.368956806244286485e-07 2.048342265751142406e-07 1.761096890216215121e-07 1.499376051719517105e-07 1.255301714961296416e-07 1.023625020371032409e-07 8.068104172478110165e-08 -1.624042349677013384e-08 -6.150284823923217008e-08 2.274658801309939844e-07 5.032296794890108484e-07 6.726610157024852582e-07 7.374185216493209288e-07 7.266451994814540699e-07 6.710902874533749589e-07 5.949848339430984016e-07 5.149283625300375436e-07 4.411015619994795520e-07 3.788906276588191804e-07 3.302327928923506158e-07 2.945103364291665103e-07 2.690413868092286798e-07 2.493552164207941241e-07 2.296480403314945286e-07 2.042715817231618761e-07 1.721237193470764085e-07 1.480095493641261944e-07
-4.354637961133466820e-07 6.497634551840564502e-07 8.630240626641743885e-07 7.485473169516078673e-07 5.413179504442475067e-07 3.347573569778380273e-07 1.599321692018976185e-07 2.219139195477318785e-08 -8.240647699461170583e-08 -1.600742480808009685e-07 -2.165253425095409129e-07 -2.560259510831892498e-07 -2.811586762838438368e-07 -2.928198689404069429e-07 -2.902993212048657419e-07 -2.715166946929468648e-07 -2.337652731298288031e-07 -1.758198777230285936e-07 -1.033082042307049608e-07 -4.141995951862434370e-08 -1.408291556487060091e-07 2.056622397643798154e-07 5.274400518487996890e-07 7.485152083991066942e-07 8.703325170398758332e-07 9.171159007231223497e-07 9.146740793786941343e-07 8.836217863365329008e-07 8.383493452841803404e-07 7.879468069107210029e-07 7.375250050655818435e-07 6.893676311952540322e-07 6.437671362632815441e-07 5.995653066496991329e-07 5.544951068064327296e-07 5.054933106271754327e-07 4.492999429228439656e-07 3.839906859617264850e-07 3.128087514786137190e-07 2.531882509765964410e-07 -5.479942338458899572e-08 8.118335125089610467e-08 2.071287135096006364e-07 2.899700101154822271e-07 3.302666670488399578e-07 3.383947322138000769e-07 3.253445183338787929e-07 2.998049281134656819e-07 2.677541388224420730e-07 2.329081352395674371e-07 1.973573401606275173e-07 1.621566584995072314e-07 1.278184906282953351e-07 9.473021119792306501e-08 6.354049469053401877e-08 3.555808164469627365e-08 1.318532373510781256e-08 3.505353536967960727e-10 2.761894800395663796e-09 2.747963271300925042e-08 7.897910626307470492e-09 -4.290356547830159375e-08 8.198036765053206816e-08 2.146495009744444033e-07 3.056465609202857355e-07 3.510231569026035391e-07 3.611123625197569667e-07 3.481938252713580704e-07 3.223680887669908683e-07 2.907576022662121594e-07 2.578835236606228051e-07 2.263259949263625219e-07 1.973369964264262444e-07 1.713129970553364069e-07 1.481275013609349045e-07 1.273551233912457499e-07 1.084285726341689555e-07 9.077814269634573920e-08 7.402425812001412414e-08 5.834513751785817412e-08 -1.174439152012423215e-08 -4.447627424666470480e-08 1.644937617703955473e-07 3.639145482653805192e-07 4.864401676659206045e-07 5.332700735398447064e-07 5.254792598620471652e-07 4.853042830300957259e-07 4.302680185497352992e-07 3.723745440241721079e-07 3.189861055834242028e-07 2.739977732363789567e-07 2.388104727246299868e-07 2.129774939942623118e-07 1.945594203521336225e-07 1.803232095402892132e-07 1.660718082886657296e-07 1.477206202577773790e-07 1.244726376940895142e-07 1.070342837300492120e-07
-2.692959088587511603e-07 4.018213265229695501e-07 5.337041825208979433e-07 4.629104229592338988e-07 3.347573569778380273e-07 2.070178680733208715e-07 9.890392552809639173e-08 1.372341654722984274e-08 -5.096112998641902174e-08 -9.899178876992133342e-08 -1.339018063556353206e-07 -1.583294450738391847e-07 -1.738718165302387912e-07 -1.810832345697048670e-07 -1.795244983456543397e-07 -1.679091022497522415e-07 -1.445631812540524087e-07 -1.087290704518944691e-07 -6.388700277538525150e-08 -2.561458780963112761e-08 -8.709039833556545155e-08 1.271839364594598290e-07 3.261751020380084795e-07 4.628905666545190603e-07 5.382238162562934128e-07 5.671552083511444819e-07 5.656451574488938396e-07 5.464420559475224527e-07 5.184450484620271674e-07 4.872755287425604696e-07 4.560940962667174255e-07 4.263130125568674424e-07 3.981131327121649089e-07 3.707782038724984982e-07 3.429062647180463382e-07 3.126029803679287622e-07 2.778523440054214303e-07 2.374643350200406794e-07 1.934445935121509032e-07 1.565745781110880686e-07 -3.388860487829678717e-08 5.020473470914850346e-08 1.280908209893828303e-07 1.793208485132128681e-07 2.042407728552430812e-07 2.092672634967092969e-07 2.011968584734642986e-07 1.854028769262680713e-07 1.655822936566546797e-07 1.440331171494462623e-07 1.220480893311005872e-07 1.002795757486038696e-07 7.904445078998286366e-08 5.858227147380591003e-08 3.929418569292071930e-08 2.198953391590266873e-08 8.153958539227215555e-09 2.167751659344184727e-10 1.707988074056137310e-09 1.699372653387771834e-08 4.884160380678479443e-09 -2.653206710151593635e-08 5.069761898019689518e-08 1.327417639925789881e-07 1.890154110335173426e-07 2.170768291468935330e-07 2.233161120002192975e-07 2.153271373472548420e-07 1.993561995885624142e-07 1.798079047184218074e-07 1.594781896996285592e-07 1.399626445322026324e-07 1.220355085277359471e-07 1.059419626914867858e-07 9.160378075514200912e-08 7.875789906662407836e-08 6.705349853280421628e-08 5.613826605130394015e-08 4.577746771590461068e-08 3.608131600283652683e-08 -7.262869190580525358e-09 -2.750464861328926628e-08 1.017248677683951363e-07 2.250490164664319248e-07 3.008202937332140800e-07 3.297804556953479696e-07 3.249625253212564296e-07 3.001178493782681284e-07 2.660827791939915422e-07 2.302807768725529686e-07 1.972647415998791094e-07 1.694434302633939894e-07 1.476831917403022077e-07 1.317077753042768481e-07 1.203178229703440520e-07 1.115139835616540541e-07 1.027007502071922733e-07 9.135216071818321621e-08 7.697533617042870739e-08 6.619125395358122648e-08
-1.286576021802797911e-07 1.919723496522198846e-07 2.549801097525798757e-07 2.211580015997661408e-07 1.599321692018976185e-07 9.890392552809639173e-08 4.725189461135155970e-08 6.556437764577608932e-09 -2.434696024992048905e-08 -4.729387175857555130e-08 -6.397232474244606636e-08 -7.564276354609943745e-08 -8.306821702680728860e-08 -8.651351167390853427e-08 -8.576881686637220449e-08 -8.021949747119053338e-08 -6.906585526130300174e-08 -5.194591165872019414e-08 -3.052236709573331952e-08 -1.223751026292753465e-08 -4.160791699459626837e-08 6.076282543640810334e-08 1.558319496830133441e-07 2.211485151409350375e-07 2.571393896376451773e-07 2.709615213975947748e-07 2.702400862704252847e-07 2.610656988686217057e-07 2.476899744969734751e-07 2.327985649497124506e-07 2.179014640175461576e-07 2.036733874133479765e-07 1.902007396558418382e-07 1.771413270001349755e-07 1.638253547117949653e-07 1.493477938784506022e-07 1.327454861509162353e-07 1.134498926347883733e-07 9.241921892347183276e-08 7.480436619899614051e-08 -1.619046744287333842e-08 2.398558824435780347e-08 6.119609451044919650e-08 8.567152203839888965e-08 9.757715300749483867e-08 9.997858656826928754e-08 9.612290616333972557e-08 8.857724457734189005e-08 7.910785186324547370e-08 6.881261421880269042e-08 5.830914621231800955e-08 4.790911907331728324e-08 3.776392128419012633e-08 2.798800252865091063e-08 1.877301341970813699e-08 1.050562081938601639e-08 3.895598556919181386e-09 1.035655282679510078e-10 8.160007000917192241e-10 8.118846354635420493e-09 2.333434495551919039e-09 -1.267584104279049423e-08 2.422106641680461449e-08 6.341810812069762946e-08 9.030315262400646588e-08 1.037096495275257180e-07 1.066905012405551488e-07 1.028737246430742195e-07 9.524352125338359172e-08 8.590421582032364115e-08 7.619158261170606239e-08 6.686792352931382579e-08 5.830313566428832458e-08 5.061435559092940871e-08 4.376421027913303219e-08 3.762701962168731544e-08 3.203517786656918861e-08 2.682036549061617559e-08 2.187043707857674873e-08 1.723804724738227900e-08 -3.469875717641279983e-09 -1.314049721138925485e-08 4.859961528807474544e-08 1.075184058840948974e-07 1.437185505078832847e-07 1.575544272302251660e-07 1.552526344847316669e-07 1.433829538523105671e-07 1.271225118036222895e-07 1.100179082043708092e-07 9.424431569164623328e-08 8.095253112190491864e-08 7.055645743806601486e-08 6.292411433563695568e-08 5.748250193817533586e-08 5.327641922008840678e-08 4.906584849272152904e-08 4.364399742200934322e-08 3.677539038999214240e-08 3.162323577459347544e-08
-1.785188866124623351e-08 2.663712795787322334e-08 3.537977121442962615e-08 3.068678379044042189e-08 2.219139195477318785e-08 1.372341654722984274e-08 6.556437764577608932e-09 9.097386785090407742e-10 -3.378263050576178049e-09 -6.562262304642558995e-09 -8.876481446490699471e-09 -1.049581346123456797e-08 -1.152613243617640094e-08 -1.200418437716513362e-08 -1.190085423137150799e-08 -1.113085828624528844e-08 -9.583234395203986087e-09 -7.207756212019191517e-09 -4.235131774857797501e-09 -1.698016028609973016e-09 -5.773307515657698735e-09 8.431147293679021754e-09 2.162246589756885127e-08 3.068546749661889092e-08 3.567938214641824173e-08 3.759727236866829421e-08 3.749716962037911905e-08 3.622417727747315141e-08 3.436822832304143236e-08 3.230197043589211206e-08 3.023492284049442270e-08 2.826070573169181174e-08 2.639130817054207363e-08 2.457924905580533758e-08 2.273159100311917896e-08 2.072275670414685481e-08 1.841910309915902777e-08 1.574174256029319675e-08 1.282363092753212206e-08 1.037948161732689223e-08 -2.246508696460134262e-09 3.328120869319320342e-09 8.491265554388595997e-09 1.188735408519389507e-08 1.353932019446717334e-08 1.387253116550839057e-08 1.333753613889734881e-08 1.229053768543695150e-08 1.097661187338279033e-08 9.548095928307650512e-09 8.090686974377475631e-09 6.647630960483897208e-09 5.239933799114138875e-09 3.883475958863603670e-09 2.604849925114485656e-09 1.457707667535684081e-09 5.405338707431014947e-10 1.437023734665867263e-11 1.132241966170356395e-10 1.126530719713131839e-09 3.237757591233039170e-10 -1.758836626431670822e-09 3.360794648757427240e-09 8.799581105912288177e-09 1.253001609764482046e-08 1.439023489547075990e-08 1.480384304605731823e-08 1.427424611817734525e-08 1.321551706472776197e-08 1.191964151645865756e-08 1.057196486378169409e-08 9.278260325272927696e-09 8.089852980642159930e-09 7.022996118052109938e-09 6.072504041818695620e-09 5.220938005666075680e-09 4.445041869471977572e-09 3.721460453782642169e-09 3.034633018828226393e-09 2.391865657237770587e-09 -4.814626880182021205e-10 -1.823310004195722887e-09 6.743440779242913629e-09 1.491871897463160067e-08 1.994167090590842553e-08 2.186146831074327462e-08 2.154208300340453503e-08 1.989510518395461609e-08 1.763888715939451810e-08 1.526553747873808566e-08 1.307687227316046328e-08 1.123257038794576571e-08 9.790062935817526532e-09 8.731036986475852529e-09 7.975985928388964577e-09 7.392370820452584960e-09 6.808132978681448647e-09 6.055823903959330487e-09 5.102770171296043418e-09 4.387882834667903800e-09
6.629197732488039176e-08 -9.891546581380020711e-08 -1.313807763207668095e-07 -1.139536333556412963e-07 -8.240647699461170583e-08 -5.096112998641902174e-08 -2.434696024992048905e-08 -3.378263050576178049e-09 1.254498847690232521e-08 2.436858934952112396e-08 3.296231104403516918e-08 3.897560875386748089e-08 4.280163990498658660e-08 4.457685870863824286e-08 4.419314806536060082e-08 4.133381173948673637e-08 3.558679808512356345e-08 2.676559441061884112e-08 1.572692194726886459e-08 6.305486338275071728e-09 2.143885043090022801e-08 -3.130858789348278818e-08 -8.029380230794969443e-08 -1.139487453730963990e-07 -1.324933645452717597e-07 -1.396153412468749681e-07 -1.392436153614144323e-07 -1.345164304045720620e-07 -1.276244690923545822e-07 -1.199515374714212184e-07 -1.122756733136404820e-07 -1.049445299094558507e-07 -9.800262795798614146e-08 -9.127364907933987999e-08 -8.441247556111713899e-08 -7.695278318212496906e-08 -6.839829601025778387e-08 -5.845606930803092589e-08 -4.761982705594854451e-08 -3.854361704112336149e-08 8.342282791017889256e-09 -1.235878832710441444e-08 -3.153183364923421419e-08 -4.414301603724462641e-08 -5.027749860855650608e-08 -5.151485867481201419e-08 -4.952818494823797668e-08 -4.564021549844777036e-08 -4.076102642259628998e-08 -3.545631337871937647e-08 -3.004430778310122592e-08 -2.468560101728795770e-08 -1.945819734742281670e-08 -1.442106799408708375e-08 -9.672962645418554794e-09 -5.413114851671601768e-09 -2.007241910511110162e-09 -5.336306238599088933e-11 -4.204516405627383599e-10 -4.183308015421531705e-09 -1.202322941255092214e-09 6.531340183108551653e-09 -1.248012055624447359e-08 -3.267674598531024556e-08 -4.652950501694816788e-08 -5.343732215074518380e-08 -5.497323258915119210e-08 -5.300660439644014459e-08 -4.907507402806890317e-08 -4.426291358432763024e-08 -3.925839267363676556e-08 -3.445429415166384962e-08 -3.004121079460663533e-08 -2.607949826739129930e-08 -2.254989978283827662e-08 -1.938765754446847499e-08 -1.650641119327984020e-08 -1.381943259332291715e-08 -1.126893781889912308e-08 -8.882057631133428749e-09 1.787884419544127608e-09 6.770758419346566492e-09 -2.504138535211083782e-08 -5.539981784277495002e-08 -7.405226531490265846e-08 -8.118132423100232396e-08 -7.999530498375245613e-08 -7.387934614413838609e-08 -6.550100831320532275e-08 -5.668770871227083651e-08 -4.856022444810571237e-08 -4.171151386767843251e-08 -3.635484415490751641e-08 -3.242221128045863916e-08 -2.961837194605351753e-08 -2.745115030155804634e-08 -2.528161617024191053e-08 -2.248795903574246047e-08 -1.894884798514190489e-08 -1.629415435530339464e-08
1.287718976842511681e-07 -1.921428920537588856e-07 -2.552066263334346356e-07 -2.213544716475658196e-07 -1.600742480808009685e-07 -9.899178876992133342e-08 -4.729387175857555130e-08 -6.562262304642558995e-09 2.436858934952112396e-08 4.733588619702148270e-08 6.402915581167751766e-08 7.570996227850839239e-08 8.314201230643467760e-08 8.659036764860055470e-08 8.584501127682791558e-08 8.029076203493510398e-08 6.912721126825892631e-08 5.199205882804150102e-08 3.054948223910990931e-08 1.224838169515659527e-08 4.164488020362167288e-08 -6.081680528399028358e-08 -1.559703860514986340e-07 -2.213449767612529612e-07 -2.573678244571310049e-07 -2.712022353788921849e-07 -2.704801593506795464e-07 -2.612976217019107824e-07 -2.479100147432087826e-07 -2.330053761202444548e-07 -2.180950410563214557e-07 -2.038543246612483976e-07 -1.903697082128978961e-07 -1.772986939718532077e-07 -1.639708921783943882e-07 -1.494804699199676388e-07 -1.328634132067794889e-07 -1.135506780717501414e-07 -9.250132134901446190e-08 -7.487082012468018405e-08 1.620485056213373343e-08 -2.400689631205051228e-08 -6.125045926111003571e-08 -8.574763001508613568e-08 -9.766383758493207275e-08 -1.000674045063041918e-07 -9.620829883207404696e-08 -8.865593390963006350e-08 -7.917812887481401040e-08 -6.887374525411225318e-08 -5.836094628584293289e-08 -4.795168007878073654e-08 -3.779746960424247871e-08 -2.801286621956349429e-08 -1.878969079433276944e-08 -1.051495369366422200e-08 -3.899059288292904271e-09 -1.036575327359875084e-10 -8.167256103160471190e-10 -8.126058891011383991e-09 -2.335507447846488160e-09 1.268710187476385021e-08 -2.424258367614972479e-08 -6.347444684072453012e-08 -9.038337520055427379e-08 -1.038017820285094832e-07 -1.067852818396149899e-07 -1.029651145337937568e-07 -9.532813270328774447e-08 -8.598053051509536954e-08 -7.625926889829470711e-08 -6.692732696051249797e-08 -5.835493039822503558e-08 -5.065931984630505774e-08 -4.380308907358432347e-08 -3.766044632246303853e-08 -3.206363694506143167e-08 -2.684419188826775855e-08 -2.188986611025159490e-08 -1.725336100470585529e-08 3.472958249781978175e-09 1.315217082978224994e-08 -4.864278970939174416e-08 -1.076139219684806682e-07 -1.438462257006582941e-07 -1.576943937954186558e-07 -1.553905562071997659e-07 -1.435103309112152792e-07 -1.272354435799532745e-07 -1.101156447706599541e-07 -9.432803947769442663e-08 -8.102444689046846726e-08 -7.061913765069752531e-08 -6.298001420659730144e-08 -5.753356764604819049e-08 -5.332374837189413071e-08 -4.910943710144906683e-08 -4.368276942301154003e-08 -3.680806052923878544e-08 -3.165132889624981187e-08
1.741840401312508581e-07 -2.599031762542683037e-07 -3.452066952684251984e-07 -2.994163856094736430e-07 -2.165253425095409129e-07 -1.339018063556353206e-07 -6.397232474244606636e-08 -8.876481446490699471e-09 3.296231104403516918e-08 6.402915581167751766e-08 8.660940194279164019e-08 1.024095112754405178e-07 1.124625160350349078e-07 1.171269535102006761e-07 1.161187429727488621e-07 1.086057561313104901e-07 9.350531566472727058e-08 7.032735421524746203e-08 4.132293098121239897e-08 1.656784319481966512e-08 5.633118417214970802e-08 -8.226419772282813992e-08 -2.109742301841026980e-07 -2.994035422974754085e-07 -3.481300522079381293e-07 -3.668432468608347043e-07 -3.658665266125674819e-07 -3.534457148121409557e-07 -3.353368920822483673e-07 -3.151760478395862582e-07 -2.950074982736479920e-07 -2.757447122103458087e-07 -2.575046690422837448e-07 -2.398240872533836480e-07 -2.217961603205563707e-07 -2.021956082003303597e-07 -1.797184518840479858e-07 -1.535949708117054168e-07 -1.251224386671518170e-07 -1.012744408662380880e-07 2.191958332055265716e-08 -3.247306489882067687e-08 -8.285078224252602887e-08 -1.159870196549419496e-07 -1.321055456290466847e-07 -1.353567441018453987e-07 -1.301367028527906804e-07 -1.199209534665197479e-07 -1.071007465562470054e-07 -9.316246341843758074e-08 -7.894226607483077351e-08 -6.486211290978550031e-08 -5.112696233263863921e-08 -3.789176288870176330e-08 -2.541598216870982375e-08 -1.422311194517288446e-08 -5.274084732457882640e-09 -1.402129514800175660e-10 -1.104748544067695244e-09 -1.099175979724605563e-08 -3.159137438667106475e-09 1.716128054213962677e-08 -3.279186875296087027e-08 -8.585907169686674516e-08 -1.222575867580513576e-07 -1.404080711063444457e-07 -1.444437191023336827e-07 -1.392763480588716495e-07 -1.289461411304294988e-07 -1.163020538415132026e-07 -1.031525340003197559e-07 -9.052962963822961949e-08 -7.893412865021324658e-08 -6.852461724814555479e-08 -5.925049768059055037e-08 -5.094161701085959186e-08 -4.337106095995261443e-08 -3.631094890456743851e-08 -2.960945195018342725e-08 -2.333785693685701674e-08 4.697716738146403372e-09 1.779035871044739306e-08 -6.579694628413411130e-08 -1.455645838877126736e-07 -1.945744156975078117e-07 -2.133062190687417444e-07 -2.101899200459054592e-07 -1.941200656992832082e-07 -1.721057467444509818e-07 -1.489485534712047849e-07 -1.275933593381717120e-07 -1.095981791259088144e-07 -9.552337837518572245e-08 -8.519027458092932652e-08 -7.782310764982161372e-08 -7.212867165422438055e-08 -6.642815953428408259e-08 -5.908774662060900120e-08 -4.978863251747008795e-08 -4.281335013164178434e-08
2.059603463559969202e-07 -3.073171810690415163e-07 -4.081825778545475296e-07 -3.540387651952499676e-07 -2.560259510831892498e-07 -1.583294450738391847e-07 -7.564276354609943745e-08 -1.049581346123456797e-08 3.897560875386748089e-08 7.570996227850839239e-08 1.024095112754405178e-07 1.210920265515983356e-07 1.329789958780898578e-07 1.384943643195218905e-07 1.373022264443361399e-07 1.284186492184047759e-07 1.105634430451981026e-07 8.315713782708680573e-08 4.886145235190522626e-08 1.959030643798168903e-08 6.660765357145863460e-08 -9.727161365027997667e-08 -2.494621521476106147e-07 -3.540235788843485060e-07 -4.116392413199867583e-07 -4.337662745960180512e-07 -4.326113717675244039e-07 -4.179246375609297934e-07 -3.965122314717287831e-07 -3.726734546244405209e-07 -3.488255667756531534e-07 -3.260486804065593115e-07 -3.044811154011108694e-07 -2.835750740308827950e-07 -2.622583215180356275e-07 -2.390820506013167021e-07 -2.125043980419256653e-07 -1.816152235479262546e-07 -1.479484617843012906e-07 -1.197498858225073233e-07 2.591836180443599466e-08 -3.839710968216272347e-08 -9.796520848682762458e-08 -1.371464729083736647e-07 -1.562054934126244007e-07 -1.600498063762296863e-07 -1.538774756458265155e-07 -1.417980722728366776e-07 -1.266390815087822538e-07 -1.101580444372570424e-07 -9.334366369414772257e-08 -7.669487531816883802e-08 -6.045402817747033208e-08 -4.480433800201050277e-08 -3.005260692369339083e-08 -1.681782705396298004e-08 -6.236233339112985765e-09 -1.657919292069507396e-10 -1.306287261456414257e-09 -1.299698097022468532e-08 -3.735457281641832462e-09 2.029200426002385029e-08 -3.877407276195387110e-08 -1.015222986627601320e-07 -1.445609763923425234e-07 -1.660226444078890957e-07 -1.707945136239121030e-07 -1.646844616980327568e-07 -1.524697203514210574e-07 -1.375189786220504367e-07 -1.219705985358696485e-07 -1.070449041239378732e-07 -9.333404176327847204e-08 -8.102552846808186360e-08 -7.005953596474307844e-08 -6.023487040250821818e-08 -5.128322164538111482e-08 -4.293513692336188266e-08 -3.501108927359700893e-08 -2.759537035827083141e-08 5.554718823503782538e-09 2.103584483997614749e-08 -7.780024987154871297e-08 -1.721198572044200656e-07 -2.300705278099961412e-07 -2.522195645834266306e-07 -2.485347607081199389e-07 -2.295332909717032942e-07 -2.035029109592054513e-07 -1.761211626451999229e-07 -1.508701512619249200e-07 -1.295921194372899654e-07 -1.129496599138672840e-07 -1.007314932276779750e-07 -9.202033776446766064e-08 -8.528706869416986069e-08 -7.854661503524236901e-08 -6.986709431131520360e-08 -5.887154753192455833e-08 -5.062376791311704735e-08
2.261783936488472471e-07 -3.374848973828396795e-07 -4.482517213046964948e-07 -3.887928944481088497e-07 -2.811586762838438368e-07 -1.738718165302387912e-07 -8.306821702680728860e-08 -1.152613243617640094e-08 4.280163990498658660e-08 8.314201230643467760e-08 1.124625160350349078e-07 1.329789958780898578e-07 1.460328466565879573e-07 1.520896298992634719e-07 1.507804660995900846e-07 1.410248346765215495e-07 1.214168765332365768e-07 9.132023803094873389e-08 5.365792493474232754e-08 2.151338410342673514e-08 7.314617767961801565e-08 -1.068202579394769771e-07 -2.739505436226317898e-07 -3.887762173766923398e-07 -4.520477072982640920e-07 -4.763468354126485189e-07 -4.750785618289670159e-07 -4.589501079320529078e-07 -4.354357582084355428e-07 -4.092568536315643018e-07 -3.830679436739484393e-07 -3.580551697957208725e-07 -3.343704300185905406e-07 -3.114121521833928289e-07 -2.880028458461809198e-07 -2.625514819333752019e-07 -2.333648405764516612e-07 -1.994434377831400790e-07 -1.624717865416271633e-07 -1.315051042308511192e-07 2.846263148540429039e-08 -4.216635261264842379e-08 -1.075819393444126826e-07 -1.506094230556624208e-07 -1.715393676709277230e-07 -1.757610566813393261e-07 -1.689828206064253314e-07 -1.557176455400708288e-07 -1.390705761356271394e-07 -1.209716820695746154e-07 -1.025067217315146598e-07 -8.422360909501824830e-08 -6.638848314591728427e-08 -4.920254494172768462e-08 -3.300271377099129130e-08 -1.846874495518013792e-08 -6.848411667661251586e-09 -1.820668536027623607e-10 -1.434518632676404934e-09 -1.427282644518849875e-08 -4.102147536911243224e-09 2.228396392145669415e-08 -4.258032018145757622e-08 -1.114882104120767970e-07 -1.587517694702931801e-07 -1.823202169052711443e-07 -1.875605155019579801e-07 -1.808506718152623100e-07 -1.674368733560311435e-07 -1.510184957020970123e-07 -1.339438126674532319e-07 -1.175529410947806888e-07 -1.024961552661424900e-07 -8.897937975780693725e-08 -7.693691326824594892e-08 -6.614781180129394277e-08 -5.631742662173068417e-08 -4.714985419394321665e-08 -3.844794433444585379e-08 -3.030426317593429422e-08 6.099996445429937682e-09 2.310082343097430692e-08 -8.543749247250894930e-08 -1.890159611126095040e-07 -2.526553451996183909e-07 -2.769786367793710137e-07 -2.729321150281045453e-07 -2.520653706377964794e-07 -2.234797247041884025e-07 -1.934100537285235251e-07 -1.656802829560167615e-07 -1.423134983139552155e-07 -1.240373358002864812e-07 -1.106197757538513672e-07 -1.010534918338936855e-07 -9.365925304341748912e-08 -8.625712439091669265e-08 -7.672558062672761206e-08 -6.465065867279626279e-08 -5.559323777427451084e-08
2.355592523794114808e-07 -3.514822474169132361e-07 -4.668431791599505859e-07 -4.049182685805618010e-07 -2.928198689404069429e-07 -1.810832345697048670e-07 -8.651351167390853427e-08 -1.200418437716513362e-08 4.457685870863824286e-08 8.659036764860055470e-08 1.171269535102006761e-07 1.384943643195218905e-07 1.520896298992634719e-07 1.583976211686853293e-07 1.570341591645646542e-07 1.468739081899515913e-07 1.264527004591638001e-07 9.510778925717169250e-08 5.588341343285910227e-08 2.240566215808450556e-08 7.617995092569812973e-08 -1.112506800197063525e-07 -2.853127754761087622e-07 -4.049008998195083053e-07 -4.707966055162972600e-07 -4.961035517712190175e-07 -4.947826759246587025e-07 -4.779852865688419231e-07 -4.534956677696080838e-07 -4.262309804104175661e-07 -3.989558726924564502e-07 -3.729056818690210474e-07 -3.482386060060469938e-07 -3.243281224468869696e-07 -2.999479037595288843e-07 -2.734409321668096771e-07 -2.430437606837680005e-07 -2.077154512341086030e-07 -1.692103828003647410e-07 -1.369593423003504175e-07 2.964313295045237979e-08 -4.391522256729375634e-08 -1.120439525308575231e-07 -1.568560220273151571e-07 -1.786540462610924145e-07 -1.830508318736689950e-07 -1.759914651653846620e-07 -1.621761105203084748e-07 -1.448385958268977076e-07 -1.259890413388922381e-07 -1.067582378024508189e-07 -8.771682418931803188e-08 -6.914197772902583305e-08 -5.124324439067320390e-08 -3.437151735393465582e-08 -1.923474512239482287e-08 -7.132452867824782871e-09 -1.896181647851094184e-10 -1.494015989706856807e-09 -1.486479885425975252e-08 -4.272286098401961850e-09 2.320820214833491770e-08 -4.434635964208172939e-08 -1.161122380883138694e-07 -1.653360762141991509e-07 -1.898820364536473190e-07 -1.953396789798246821e-07 -1.883515412672779848e-07 -1.743813990019197436e-07 -1.572820611604456175e-07 -1.394991973538319173e-07 -1.224285064216993219e-07 -1.067472330877952506e-07 -9.266984275020545246e-08 -8.012790911401014701e-08 -6.889132442349109108e-08 -5.865321924402507302e-08 -4.910541729714035489e-08 -4.004259149973609343e-08 -3.156114720982056728e-08 6.352996760749022305e-09 2.405894130275530228e-08 -8.898105396946866285e-08 -1.968554899040823353e-07 -2.631343483555046487e-07 -2.884664602672569586e-07 -2.842521070609766190e-07 -2.625199043121828535e-07 -2.327486548295397622e-07 -2.014318296454353357e-07 -1.725519531618955087e-07 -1.482160197776468120e-07 -1.291818445470616171e-07 -1.152077846808431563e-07 -1.052447344889978263e-07 -9.754381605333321518e-08 -8.983468051978444217e-08 -7.990781134854137139e-08 -6.733207614182744294e-08 -5.789899431238490317e-08
2.335315950953644910e-07 -3.484567430820624864e-07 -4.628246659274214488e-07 -4.014327953145461511e-07 -2.902993212048657419e-07 -1.795244983456543397e-07 -8.576881686637220449e-08 -1.190085423137150799e-08 4.419314806536060082e-08 8.584501127682791558e-08 1.161187429727488621e-07 1.373022264443361399e-07 1.507804660995900846e-07 1.570341591645646542e-07 1.556824336285990185e-07 1.456096405088073008e-07 1.253642153473141033e-07 9.428911624938724077e-08 5.540237773097108971e-08 2.221279771476575477e-08 7.552420579646822790e-08 -1.102930515274329837e-07 -2.828568476295813029e-07 -4.014155760610772660e-07 -4.667440618066486100e-07 -4.918331698175089110e-07 -4.905236638641051882e-07 -4.738708638145298062e-07 -4.495920478321677889e-07 -4.225620506469471073e-07 -3.955217227997779159e-07 -3.696957679536620925e-07 -3.452410224302712848e-07 -3.215363565822139948e-07 -2.973659990126373217e-07 -2.710871952948162396e-07 -2.409516779202395619e-07 -2.059274690451281111e-07 -1.677538462315148883e-07 -1.357804176551563136e-07 2.938796948800367756e-08 -4.353720718466851958e-08 -1.110794956726030890e-07 -1.555058298680275900e-07 -1.771162201109129954e-07 -1.814751588790813052e-07 -1.744765580977653560e-07 -1.607801238695049536e-07 -1.435918477969518667e-07 -1.249045473323930301e-07 -1.058392795517110111e-07 -8.696177145543320237e-08 -6.854681437475494272e-08 -5.080215053977409688e-08 -3.407565269643354164e-08 -1.906917543807865720e-08 -7.071057826600620864e-09 -1.879859612136917487e-10 -1.481155733217621208e-09 -1.473684498546335301e-08 -4.235510926382802661e-09 2.300842956602127456e-08 -4.396463309879824301e-08 -1.151127620628612433e-07 -1.639128890718342316e-07 -1.882475615160856355e-07 -1.936582255070955389e-07 -1.867302405934376114e-07 -1.728803511325750290e-07 -1.559282017227860315e-07 -1.382984100326970504e-07 -1.213746609441244933e-07 -1.058283695639218477e-07 -9.187215520549678083e-08 -7.943818057679782305e-08 -6.829831865375828885e-08 -5.814834148595935717e-08 -4.868272552824163696e-08 -3.969791112099306868e-08 -3.128947377994485909e-08 6.298311156055764752e-09 2.385184569056335769e-08 -8.821511894292694087e-08 -1.951609885674685774e-07 -2.608693289485546934e-07 -2.859833859941986957e-07 -2.818053092826429140e-07 -2.602601739436700575e-07 -2.307451907305914275e-07 -1.996979358904932764e-07 -1.710666528768457416e-07 -1.469401994094001913e-07 -1.280698673888026037e-07 -1.142160940491766471e-07 -1.043388042385889410e-07 -9.670417410704399992e-08 -8.906139760911114985e-08 -7.921997737854663412e-08 -6.675249213797314296e-08 -5.740060880482942451e-08
