5.317880021302712417e-06 1.614521107258306482e-06 -7.114744229752895687e-07 -7.755808451199387092e-07 -2.584548846153310252e-07 -3.280203263692404577e-06 -4.004077752024425992e-06 -4.342602234844358010e-06 -3.868286017339607142e-06 -3.966057813863226722e-06 -3.165446310546992563e-06 -3.441268655630892051e-06 -3.146837902435899400e-06 -2.664677295119968655e-06 -2.423499139421553173e-06 -1.934809789100096346e-06 -1.415861713749858992e-06 -1.622422302366824695e-06 -1.652261304046194284e-06 -1.220028363454812479e-06 -3.295218307401710287e-06 -4.168490186711124565e-06 -2.630204542829416349e-06 -3.084382973268731393e-06 -2.838264439698859635e-06 -3.355851110044821834e-06 -4.390318234617343864e-06 -3.607455807473977689e-06 -3.822890134495763578e-06 -4.145408323566309247e-06 -3.760706633360766657e-06 -3.713474860515054020e-06 -3.404272984435157249e-06 -3.320157575541127360e-06 -3.104402733969128875e-06 -2.791161257485540482e-06 -2.354943753839546339e-06 -1.832633886560892440e-06 -1.604383454270262332e-06 -1.470776178951380999e-06 -2.834539371302145034e-06 -3.314392678823440427e-06 -2.984052271994710305e-06 -2.776732990118103978e-06 -2.912978550847591787e-06 -2.674880529329896457e-06 -2.308057081829825931e-06 -2.210460451702120490e-06 -2.196351872686651240e-06 -1.870582592675726136e-06 -1.799312239553505226e-06 -1.775588938870360333e-06 -1.721639433994892247e-06 -1.480472187612298585e-06 -1.088112484301760125e-06 -6.882004972215087883e-07 -4.313021381690038028e-07 -3.341984536578854225e-07 -3.086494203405016479e-07 -5.582203090193700431e-07 3.921325493059885320e-06 2.325585823149210091e-06 1.328031074412110850e-06 7.518518161436041352e-07 7.539807321378889045e-07 1.826159096635563593e-06 1.341008590999750641e-06 9.535456398580941601e-07 8.555014879395417549e-07 6.857773825471538195e-07 8.427435207981211338e-07 6.194800504465440256e-07 3.128223264374347453e-07 1.259200289565793487e-07 1.742192212901491649e-07 1.158258979450378931e-07 -1.658984168556507874e-08 -1.802872243592143614e-07 -2.635981276909399023e-07 -2.394813416227268885e-07 3.400991752076262895e-06 -7.285654612642645031e-07 5.181942663565953915e-07 8.232820780224225684e-07 6.387177735499633646e-07 -4.059130939715352064e-07 1.321190917953731072e-06 7.824120098794650560e-07 6.223378432726014705e-07 6.219815598884218943e-07 8.600568388471684241e-07 7.434307419664531266e-07 6.068530022134993612e-07 6.757980173446417810e-07 5.172836467269411202e-07 3.410808455613163750e-07 4.422409576142739567e-07 4.423209174097878669e-07 2.651848271847501509e-07 1.614698963584380613e-08
1.614521107258306482e-06 4.901724738693961775e-07 -2.160053383240181234e-07 -2.354682015794386319e-07 -7.846752179701141103e-08 -9.958775647652972314e-07 -1.215647592621540187e-06 -1.318424436146978289e-06 -1.174420896840210228e-06 -1.204104648363298957e-06 -9.610370790236626332e-07 -1.044777403402464547e-06 -9.553875217663559587e-07 -8.090024069308098500e-07 -7.357801413992655731e-07 -5.874128845552381668e-07 -4.298590063429229364e-07 -4.925712956224570989e-07 -5.016304879769052721e-07 -3.704035323025347402e-07 -1.000436167986499883e-06 -1.265563601451009043e-06 -7.985363967960513626e-07 -9.364260557331276736e-07 -8.617038796508852456e-07 -1.018844432044241715e-06 -1.332911127926185848e-06 -1.095232220609881616e-06 -1.160638598115829206e-06 -1.258555892534510601e-06 -1.141759538283057863e-06 -1.127419858958372286e-06 -1.033545429047377599e-06 -1.008007789506610735e-06 -9.425041030157991067e-07 -8.474032407500834933e-07 -7.149665621919505550e-07 -5.563920359009089988e-07 -4.870946581492799868e-07 -4.465311694617779255e-07 -8.605729399665778336e-07 -1.006257553060022108e-06 -9.059654146009394816e-07 -8.430227842312119118e-07 -8.843872626863154476e-07 -8.121001332669135072e-07 -7.007316563073596432e-07 -6.711010857214775041e-07 -6.668176873517042911e-07 -5.679133539393201991e-07 -5.462755040862521357e-07 -5.390730531972999463e-07 -5.226938543438740237e-07 -4.494749009067336832e-07 -3.303535555407488727e-07 -2.089393187395753874e-07 -1.309443618302829207e-07 -1.014634507138740123e-07 -9.370670302574977634e-08 -1.694770223851811156e-07 1.190523808663204820e-06 7.060534241416184351e-07 4.031934139439336672e-07 2.282640115669585902e-07 2.289103555601633429e-07 5.544262741767575175e-07 4.071334190524744138e-07 2.894987393694314314e-07 2.597323000963307168e-07 2.082036553226908815e-07 2.558589507253372544e-07 1.880756265588664782e-07 9.497360730811735780e-08 3.822962228605757555e-08 5.289337272301730035e-08 3.516501994221378840e-08 -5.036715657390319672e-09 -5.473563298362280992e-08 -8.002902270941756421e-08 -7.270710871542251492e-08 1.032549239046845009e-06 -2.211942184702366788e-07 1.573250199969736909e-07 2.499504101014049744e-07 1.939162453546347381e-07 -1.232361872220326365e-07 4.011167260655377083e-07 2.375421595565335664e-07 1.889432593033733333e-07 1.888350908148743277e-07 2.611153155389261921e-07 2.257073532838957257e-07 1.842420244819197898e-07 2.051738961532563195e-07 1.570485536970814196e-07 1.035529613745133198e-07 1.342654136050745523e-07 1.342896895904431924e-07 8.051074847482984654e-08 4.902264714758401635e-09
-7.114744229752895687e-07 -2.160053383240181234e-07 9.518752821054041538e-08 1.037642692279508846e-07 3.457844839677144558e-08 4.388554677669303331e-07 5.357019896571316823e-07 5.809928781526413994e-07 5.175345346388389577e-07 5.306153360552385042e-07 4.235022374017341897e-07 4.604042628378375794e-07 4.210126350845902809e-07 3.565047976573965441e-07 3.242377874066199295e-07 2.588564752782288309e-07 1.894268753277018695e-07 2.170624321674537224e-07 2.210545655771855881e-07 1.632265061312651105e-07 4.408643170670711737e-07 5.576985825907996729e-07 3.518927188880295761e-07 4.126568458390314314e-07 3.797288668410672830e-07 4.489763256308361494e-07 5.873767591859065318e-07 4.826382935963017065e-07 5.114610599793136379e-07 5.546104807162995085e-07 5.031415848479873081e-07 4.968224881032526779e-07 4.554546449993138309e-07 4.442009194984609088e-07 4.153352717597669644e-07 3.734269741223008217e-07 3.150658235406772935e-07 2.451864524477304269e-07 2.146490307764428972e-07 1.967738326275543344e-07 3.792304932641006147e-07 4.434296391105435253e-07 3.992336908393528471e-07 3.714966291053657755e-07 3.897248011052317968e-07 3.578698792581303249e-07 3.087928975288610891e-07 2.957355314682721739e-07 2.938479572706930437e-07 2.502635759776998136e-07 2.407283790270819810e-07 2.375544597966749674e-07 2.303366036778237916e-07 1.980710529746767665e-07 1.455775983661921484e-07 9.207373045096168555e-08 5.770352822037332307e-08 4.471211291397865243e-08 4.129393054351419849e-08 7.468379705101969326e-08 -5.246306387690242750e-07 -3.111380521893148216e-07 -1.776760924608354468e-07 -1.005895836143093204e-07 -1.008744093855807881e-07 -2.443201960809910434e-07 -1.794123428254274548e-07 -1.275740203203096063e-07 -1.144567807186411091e-07 -9.174954410079326582e-08 -1.127499036785576897e-07 -8.287968319529514550e-08 -4.185221992679333835e-08 -1.684672831730558753e-08 -2.330863416287619002e-08 -1.549624353613255457e-08 2.219540116212963345e-09 2.412046687908663596e-08 3.526655829860861990e-08 3.203999500963522751e-08 -4.550156518498181049e-07 9.747412297311240752e-08 -6.932874851788152646e-08 -1.101461746147878637e-07 -8.545348100373286303e-08 5.430675065150612907e-08 -1.767609540316509699e-07 -1.046782046657689337e-07 -8.326202474752219552e-08 -8.321435791145981296e-08 -1.150662370518924467e-07 -9.946293561416265026e-08 -8.119032167914610780e-08 -9.041441373480625076e-08 -6.920691753016407154e-08 -4.563290198567038389e-08 -5.916702311339047463e-08 -5.917772086308520661e-08 -3.547884140809428191e-08 -2.160291335631847333e-09
-7.755808451199387092e-07 -2.354682015794386319e-07 1.037642692279508846e-07 1.131138056720586881e-07 3.769409182462716470e-08 4.783979347462828968e-07 5.839706789925476805e-07 6.333424405643621070e-07 5.641662704829035129e-07 5.784256994795937481e-07 4.616613227228124923e-07 5.018883542929474178e-07 4.589473982206942769e-07 3.886271710234613449e-07 3.534527862927537770e-07 2.821803811604202137e-07 2.064949228121315953e-07 2.366205434064776333e-07 2.409723824941055307e-07 1.779338054653558425e-07 4.805877886434987258e-07 6.079492446111263817e-07 3.835995272541370408e-07 4.498387221032680662e-07 4.139438129475251185e-07 4.894307185568394262e-07 6.403015323982183340e-07 5.261257517442275583e-07 5.575455537612108559e-07 6.045828935740429009e-07 5.484764637912224552e-07 5.415879935449123818e-07 4.964927579619233477e-07 4.842250310376028794e-07 4.527584838994940803e-07 4.070740968722279822e-07 3.434543952658363966e-07 2.672786397663307001e-07 2.339896858099020024e-07 2.145038675720159277e-07 4.134005341063929109e-07 4.833842554935097254e-07 4.352060922255974870e-07 4.049698207784413721e-07 4.248404170895876193e-07 3.901152514201217577e-07 3.366162559026899205e-07 3.223823738722410557e-07 3.203247224035306009e-07 2.728132305133669589e-07 2.624188777853812763e-07 2.589589769378324724e-07 2.510907658429030026e-07 2.159179721703521885e-07 1.586946671943873007e-07 1.003699070134844187e-07 6.290282508878570698e-08 4.874083621432740702e-08 4.501466323319274786e-08 8.141307763583174435e-08 -5.719017592940584005e-07 -3.391727174911269031e-07 -1.936853518530056475e-07 -1.096530693873704359e-07 -1.099635589921419757e-07 -2.663343305637642323e-07 -1.955780446633511860e-07 -1.390689015658549053e-07 -1.247697511714406282e-07 -1.000165102991113128e-07 -1.229090783285186290e-07 -9.034744280345312552e-08 -4.562325651177383904e-08 -1.836467954983066183e-08 -2.540882651415123919e-08 -1.689251119903645120e-08 2.419528718841724118e-09 2.629380829817860504e-08 3.844420292063884135e-08 3.492691459419415982e-08 -4.960142099398258046e-07 1.062568944596297986e-07 -7.557551983632411164e-08 -1.200707438465887424e-07 -9.315314911554819629e-08 5.919998555939060288e-08 -1.926877561371393189e-07 -1.141100900026798167e-07 -9.076423471420185569e-08 -9.071227292358280137e-08 -1.254341217274896776e-07 -1.084249063222073854e-07 -8.850586369660520754e-08 -9.856107985191805125e-08 -7.544271143539726860e-08 -4.974459171605495064e-08 -6.449818617177207385e-08 -6.450984782745664022e-08 -3.867561350708138329e-08 -2.354941408558296169e-09
-2.584548846153310252e-07 -7.846752179701141103e-08 3.457844839677144558e-08 3.769409182462716470e-08 1.256119489607448044e-08 1.594215274952315119e-07 1.946026328621035435e-07 2.110552992998952499e-07 1.880030035024544952e-07 1.927548215743025198e-07 1.538442119173710749e-07 1.672494847116839377e-07 1.529398225832827507e-07 1.295062807149632574e-07 1.177847540627875876e-07 9.403390802186229486e-08 6.881245428490163631e-08 7.885152866853068510e-08 8.030173734288677100e-08 5.929473561663782911e-08 1.601512753221544835e-07 2.025932600793506915e-07 1.278308666063454039e-07 1.499044435512441807e-07 1.379428090388669821e-07 1.630980969782005518e-07 2.133743499678738546e-07 1.753263651569169745e-07 1.857967130981172763e-07 2.014714558543770942e-07 1.827745257703772510e-07 1.804790090697154608e-07 1.654514539377933407e-07 1.613633514960326746e-07 1.508774261911534376e-07 1.356535419859829923e-07 1.144528860628742326e-07 8.906804549855396272e-08 7.797482058472393365e-08 7.148135838023984472e-08 1.377617665710413809e-07 1.610831711027141786e-07 1.450282598620152990e-07 1.349523121420015762e-07 1.415739979522550957e-07 1.300021692475864923e-07 1.121741416467298825e-07 1.074308368565774121e-07 1.067451442221211293e-07 9.091239482966350460e-08 8.744857638718102493e-08 8.629559758431305377e-08 8.367359163423756891e-08 7.195259518694628177e-08 5.288347714731267567e-08 3.344730971535274625e-08 2.096176369310195077e-08 1.624241660826557042e-08 1.500070516843882293e-08 2.713012797949378218e-08 -1.905807810232763900e-07 -1.130260579737258397e-07 -6.454378751077467819e-08 -3.654083462033806805e-08 -3.664430230585456188e-08 -8.875336350566284782e-08 -6.517450925305091293e-08 -4.634337881594470878e-08 -4.157832396893634468e-08 -3.332954364671987049e-08 -4.095827257397194751e-08 -3.010741955784848497e-08 -1.520351304666719615e-08 -6.119853480026322861e-09 -8.467247955189470875e-09 -5.629267484210476583e-09 8.062847603656492327e-10 8.762159654358745268e-09 1.281116223086392858e-08 1.163905960057071823e-08 -1.652919823951265328e-07 3.540909186959111764e-08 -2.518481778133674241e-08 -4.001242480627279941e-08 -3.104239430061033944e-08 1.972782790247409003e-08 -6.421134829794559627e-08 -3.802609403088964651e-08 -3.024631146818764282e-08 -3.022899569938887154e-08 -4.179971909039389716e-08 -3.613156104777266938e-08 -2.949373096746461701e-08 -3.284453539688770458e-08 -2.514056065436735780e-08 -1.657690851070660474e-08 -2.149340248642370651e-08 -2.149728862143251424e-08 -1.288827759129875659e-08 -7.847616581230500957e-10
-3.280203263692404577e-06 -9.958775647652972314e-07 4.388554677669303331e-07 4.783979347462828968e-07 1.594215274952315119e-07 2.023312562155644216e-06 2.469816704712192586e-06 2.678627191022055599e-06 2.386056918949579530e-06 2.446365042632159769e-06 1.952527563108831533e-06 2.122661780676580141e-06 1.941049425058779175e-06 1.643640534409495641e-06 1.494875731464682515e-06 1.193439746554387355e-06 8.733394126559663439e-07 1.000751222290139804e-06 1.019156675271761188e-06 7.525444356718356518e-07 2.032574221911496185e-06 2.571230464084448779e-06 1.622376866534523595e-06 1.902525640831387656e-06 1.750713487522724924e-06 2.069974072287968385e-06 2.708059629805687941e-06 2.225170230599430500e-06 2.358055587128238948e-06 2.556992985518474059e-06 2.319699226594766151e-06 2.290565471260336779e-06 2.099841912437241573e-06 2.047957394983719024e-06 1.914874336951782282e-06 1.721659050151537444e-06 1.452589031007175208e-06 1.130415058589029464e-06 9.896244033016397888e-07 9.072120474759278509e-07 1.748415770864313363e-06 2.044401460484923469e-06 1.840639119802473644e-06 1.712759328924562922e-06 1.796799046100993038e-06 1.649934148034013737e-06 1.423668142620474794e-06 1.363468066013282474e-06 1.354765536669405328e-06 1.153822782936350796e-06 1.109861421645851273e-06 1.095228288138761392e-06 1.061950865320232152e-06 9.131927915180885488e-07 6.711753758966407654e-07 4.244995201128528220e-07 2.660380970597579602e-07 2.061420818104517614e-07 1.903827901122275219e-07 3.443244436071659475e-07 -2.418773012705972706e-06 -1.434480314812012521e-06 -8.191632468429406202e-07 -4.637612678826786432e-07 -4.650744372593110599e-07 -1.126421243956185855e-06 -8.271681081965014069e-07 -5.881711334991654485e-07 -5.276950141017958497e-07 -4.230048815291915498e-07 -5.198255764146483656e-07 -3.821110057254184625e-07 -1.929567444217286217e-07 -7.767066731348165693e-08 -1.074628340588066595e-07 -7.144435130869034845e-08 1.023303508600033638e-08 1.112057322422010416e-07 1.625940102618590344e-07 1.477181649900913186e-07 -2.097817965103066443e-06 4.493976536287418071e-07 -3.196353653938214477e-07 -5.078212649496877120e-07 -3.939773212227712081e-07 2.503774907081753918e-07 -8.149440648664642954e-07 -4.826115704148683558e-07 -3.838737648169057896e-07 -3.836540001898545228e-07 -5.305048700697011001e-07 -4.585669357636700906e-07 -3.743223221411866662e-07 -4.168493559859809400e-07 -3.190736721120609140e-07 -2.103873156805671447e-07 -2.727854383125843449e-07 -2.728347595423146909e-07 -1.635727267498666913e-07 -9.959872710578273832e-09
-4.004077752024425992e-06 -1.215647592621540187e-06 5.357019896571316823e-07 5.839706789925476805e-07 1.946026328621035435e-07 2.469816704712192586e-06 3.014855276920951079e-06 3.269746012466883130e-06 2.912611401244513457e-06 2.986228307543159639e-06 2.383410888646584318e-06 2.591090285518554283e-06 2.369399757778693052e-06 2.006358742764712373e-06 1.824764557932061241e-06 1.456807750438297117e-06 1.066067749791054290e-06 1.221596767748035871e-06 1.244063931784902448e-06 9.186157655643183299e-07 2.481122225374800111e-06 3.138649000970390785e-06 1.980402613640942394e-06 2.322374553866465903e-06 2.137060530105059207e-06 2.526775465977001192e-06 3.305673594951117303e-06 2.716220276173024904e-06 2.878430742071985696e-06 3.121269598967487935e-06 2.831609908875257428e-06 2.796046923233873905e-06 2.563234534098317648e-06 2.499900153479381272e-06 2.337448357355864196e-06 2.101594366296477648e-06 1.773146038316959881e-06 1.379874789086900963e-06 1.208014484949955857e-06 1.107415389733459384e-06 2.134255753872367651e-06 2.495559496187840050e-06 2.246830929864601778e-06 2.090730656672569973e-06 2.193316238961693323e-06 2.014041229570546635e-06 1.737842895051497878e-06 1.664357879631542569e-06 1.653734878149331312e-06 1.408448124563412237e-06 1.354785380354733845e-06 1.336923010370933829e-06 1.296301933675097228e-06 1.114715962970744632e-06 8.192902007265305036e-07 5.181779748354974252e-07 3.247473220390596203e-07 2.516334681662673441e-07 2.323964196653485853e-07 4.203098812156195703e-07 -2.952547274912189120e-06 -1.751041094871121333e-06 -9.999360003891172890e-07 -5.661039959119449530e-07 -5.677069551991980201e-07 -1.374999620375838116e-06 -1.009707372672233831e-06 -7.179686015481755535e-07 -6.441466262797283401e-07 -5.163534997590905208e-07 -6.345405629260261712e-07 -4.664351730162474151e-07 -2.355383936093045189e-07 -9.481101199342203969e-08 -1.311777071217224803e-07 -8.721067403028162094e-08 1.249125887321279211e-08 1.357465872000112814e-07 1.984752183829883083e-07 1.803165750591005653e-07 -2.560763942540245205e-06 5.485706226269891147e-07 -3.901724230018977845e-07 -6.198871428172020710e-07 -4.809201442396368843e-07 3.056307367439770302e-07 -9.947857303217877089e-07 -5.891141787940592693e-07 -4.685869373713801090e-07 -4.683186751378782880e-07 -6.475765606048401229e-07 -5.597633797969131139e-07 -4.569276845619877445e-07 -5.088395742800202900e-07 -3.894867753782114109e-07 -2.568155392530253215e-07 -3.329836649799988669e-07 -3.330438704071598762e-07 -1.996699177964507376e-07 -1.215781508873023428e-08
-4.342602234844358010e-06 -1.318424436146978289e-06 5.809928781526413994e-07 6.333424405643621070e-07 2.110552992998952499e-07 2.678627191022055599e-06 3.269746012466883130e-06 3.546186468015792577e-06 3.158857935234326084e-06 3.238698777898581805e-06 2.584916201079277862e-06 2.810153838518103637e-06 2.569720500099485685e-06 2.175986207017192278e-06 1.979039154105868074e-06 1.579973463200955914e-06 1.156198375617828768e-06 1.324876583882306028e-06 1.349243232783612469e-06 9.962800733542136391e-07 2.690888536164691011e-06 3.404005868546102515e-06 2.147835618711607024e-06 2.518719553501982440e-06 2.317738168131178112e-06 2.740401526906883321e-06 3.585151545532009415e-06 2.945862935772128072e-06 3.121787474543090420e-06 3.385157126175925265e-06 3.071008177169410216e-06 3.032438521311471640e-06 2.779943024477434840e-06 2.711254042931254843e-06 2.535067770688217088e-06 2.279273519901349472e-06 1.923056550239955958e-06 1.496536209833721975e-06 1.310145987903391783e-06 1.201041748983554807e-06 2.314696262281531134e-06 2.706546405062481738e-06 2.436789098916560120e-06 2.267491338681809027e-06 2.378750012089517757e-06 2.184318209150595128e-06 1.884768705114042633e-06 1.805070904033899317e-06 1.793549781609620110e-06 1.527525276026185160e-06 1.469325618736646583e-06 1.449953075890282470e-06 1.405897693011681595e-06 1.208959548691577621e-06 8.885570353528464518e-07 5.619872966827511752e-07 3.522030624239330887e-07 2.729078027188626686e-07 2.520443592530951475e-07 4.558449517048693172e-07 -3.202170184641078864e-06 -1.899082745845055272e-06 -1.084475521934025546e-06 -6.139652199707177629e-07 -6.157037013425318317e-07 -1.491248870313603619e-06 -1.095073014226153190e-06 -7.786692084225456244e-07 -6.986059592463022380e-07 -5.600085714843664745e-07 -6.881877519158495746e-07 -5.058699031821434057e-07 -2.554519711717066850e-07 -1.028268025920137414e-07 -1.422681175010998358e-07 -9.458389456965606832e-08 1.354733151008561661e-08 1.472232732366949713e-07 2.152552923018087228e-07 1.955614277058508460e-07 -2.777263556923127433e-06 5.949494888268572174e-07 -4.231595241241317842e-07 -6.722954593946765336e-07 -5.215795053182518713e-07 3.314702667175944031e-07 -1.078889822632075557e-06 -6.389207972088285474e-07 -5.082035883091950342e-07 -5.079126458632996452e-07 -7.023258771370248266e-07 -6.070885368949443089e-07 -4.955586047593416811e-07 -5.518593816837022286e-07 -4.224159084684591146e-07 -2.785279916552787813e-07 -3.611357464219358477e-07 -3.612010419128655616e-07 -2.165509974964059421e-07 -1.318569674338888786e-08
-3.868286017339607142e-06 -1.174420896840210228e-06 5.175345346388389577e-07 5.641662704829035129e-07 1.880030035024544952e-07 2.386056918949579530e-06 2.912611401244513457e-06 3.158857935234326084e-06 2.813834959044356925e-06 2.884955268616486097e-06 2.302581414525515662e-06 2.503217705017924677e-06 2.289045448198194412e-06 1.938316374221213279e-06 1.762880658552811843e-06 1.407402503141516273e-06 1.029913809233212406e-06 1.180168315442382109e-06 1.201873542432328831e-06 8.874624173927615676e-07 2.396979031407510032e-06 3.032206864028105266e-06 1.913240504677227114e-06 2.243615027007136658e-06 2.064585624650812307e-06 2.441084017175693008e-06 3.193567092640251308e-06 2.624104117114642526e-06 2.780813480909050901e-06 3.015416855961063287e-06 2.735580499535618954e-06 2.701223574268156481e-06 2.476306635754369601e-06 2.415120136855533512e-06 2.258177627155618676e-06 2.030322237662372936e-06 1.713012696432967082e-06 1.333078597089075006e-06 1.167046653505422594e-06 1.069859211731536057e-06 2.061875967807309927e-06 2.410926685842140268e-06 2.170633341205000342e-06 2.019826952945847873e-06 2.118933513338943272e-06 1.945738322077839951e-06 1.678906801413101707e-06 1.607913909856668207e-06 1.597651170059709971e-06 1.360682914721683097e-06 1.308840054535076956e-06 1.291583457554674942e-06 1.252339978101175573e-06 1.076912197992373532e-06 7.915053163019759020e-07 5.006048180598071202e-07 3.137340488398471540e-07 2.430997314950005255e-07 2.245150759664297352e-07 4.060557604392228958e-07 -2.852416473007417823e-06 -1.691657405916346294e-06 -9.660248097290489256e-07 -5.469055066773079480e-07 -5.484541042274205929e-07 -1.328368761734943524e-06 -9.754648019354662834e-07 -6.936198731039869551e-07 -6.223014491400801077e-07 -4.988422170654880685e-07 -6.130211596816605524e-07 -4.506167885630817114e-07 -2.275504950134512985e-07 -9.159565190724472075e-08 -1.267290301715734047e-07 -8.425306694994539363e-08 1.206763830042718232e-08 1.311429641699355353e-07 1.917442566321711835e-07 1.742014339364485460e-07 -2.473919830259941579e-06 5.299667490119006933e-07 -3.769403647285989304e-07 -5.988646863003660443e-07 -4.646105257268205767e-07 2.952657712049136099e-07 -9.610492026302856435e-07 -5.691353369183184412e-07 -4.526955793566324500e-07 -4.524364147971254039e-07 -6.256150628638683564e-07 -5.407799221661943070e-07 -4.414317309979443391e-07 -4.915831140544828849e-07 -3.762779697203633749e-07 -2.481060611337371532e-07 -3.216910697084705636e-07 -3.217492333672400310e-07 -1.928984397730165503e-07 -1.174550271541499550e-08
-3.966057813863226722e-06 -1.204104648363298957e-06 5.306153360552385042e-07 5.784256994795937481e-07 1.927548215743025198e-07 2.446365042632159769e-06 2.986228307543159639e-06 3.238698777898581805e-06 2.884955268616486097e-06 2.957873159961269978e-06 2.360779676114995188e-06 2.566487093840847057e-06 2.346901585203407402e-06 1.987307755233182117e-06 1.807437862511062375e-06 1.442974917008322687e-06 1.055945111712357649e-06 1.209997334259457970e-06 1.232251165728817036e-06 9.098932289994377460e-07 2.457563213931669591e-06 3.108846572467030410e-06 1.961598087463388364e-06 2.300322899929300150e-06 2.116768489282361973e-06 2.502782963105369757e-06 3.274285217041221057e-06 2.690428937111219601e-06 2.851099165216480811e-06 3.091632193181055375e-06 2.804722910095664224e-06 2.769497605837772771e-06 2.538895841267041541e-06 2.476162839887904498e-06 2.315253573062093577e-06 2.081639087504471351e-06 1.756309476466106230e-06 1.366772457563803892e-06 1.196544019374603511e-06 1.096900143216296028e-06 2.113990345254519027e-06 2.471863398459796587e-06 2.225496585652895871e-06 2.070878532113244064e-06 2.172490033044209304e-06 1.994917294486203268e-06 1.721341547301611684e-06 1.648554294491443209e-06 1.638032161644771129e-06 1.395074480514646164e-06 1.341921280411434527e-06 1.324228519072684712e-06 1.283993151875929629e-06 1.104131395286457866e-06 8.115107906608916858e-07 5.132577170933043402e-07 3.216637472768818055e-07 2.492441317219057235e-07 2.301897448573747924e-07 4.163189108394125905e-07 -2.924511938996591029e-06 -1.734414426192907193e-06 -9.904413034190770502e-07 -5.607286659982094756e-07 -5.623164046986630569e-07 -1.361943580064950005e-06 -1.000119893545362183e-06 -7.111512709359658082e-07 -6.380302578137268001e-07 -5.114505659636032380e-07 -6.285154069582074813e-07 -4.620062289415925501e-07 -2.333018848014807161e-07 -9.391075254886751630e-08 -1.299321348272348869e-07 -8.638258211025050235e-08 1.237265056455170968e-08 1.344576319971986111e-07 1.965906357158219216e-07 1.786044142426128896e-07 -2.536448708728518271e-06 5.433617774344141914e-07 -3.864676169732842405e-07 -6.140011255377132672e-07 -4.763536609501399279e-07 3.027286797833466417e-07 -9.853399367351482994e-07 -5.835203601834412460e-07 -4.641375616386041512e-07 -4.638718466367397698e-07 -6.414276238674378125e-07 -5.544482559649589534e-07 -4.525890169868130594e-07 -5.040079874961931991e-07 -3.857884797826781935e-07 -2.543769974648948713e-07 -3.298218836322644871e-07 -3.298815173905521057e-07 -1.977739910943694512e-07 -1.204237293039174827e-08
-3.165446310546992563e-06 -9.610370790236626332e-07 4.235022374017341897e-07 4.616613227228124923e-07 1.538442119173710749e-07 1.952527563108831533e-06 2.383410888646584318e-06 2.584916201079277862e-06 2.302581414525515662e-06 2.360779676114995188e-06 1.884218956579800873e-06 2.048401078236311649e-06 1.873142377837059343e-06 1.586138250364204678e-06 1.442577940601319260e-06 1.151687605583998677e-06 8.427858883766853498e-07 9.657402330634267425e-07 9.835017766480878532e-07 7.262168883822748509e-07 1.961465206403138106e-06 2.481276717266682815e-06 1.565618485699450502e-06 1.835966336949386865e-06 1.689465287485104719e-06 1.997556633937402750e-06 2.613318954588271127e-06 2.147323299977813236e-06 2.275559701119716358e-06 2.467537332730059380e-06 2.238545226656929727e-06 2.210430707243904565e-06 2.026379556422425225e-06 1.976310203658326595e-06 1.847883017542640050e-06 1.661427311119543833e-06 1.401770628008823158e-06 1.090867817919759245e-06 9.550026825874774384e-07 8.754734989605053194e-07 1.687247955772903500e-06 1.972878672489404541e-06 1.776244897783739421e-06 1.652838944040391510e-06 1.733938556256523217e-06 1.592211683754217729e-06 1.373861528455531863e-06 1.315767533946064684e-06 1.307369460049572749e-06 1.113456629867382828e-06 1.071033243962025492e-06 1.056912046356844885e-06 1.024798824456428032e-06 8.812450084191212495e-07 6.476945013982036553e-07 4.096485283834546469e-07 2.567308319347256795e-07 1.989302612853447956e-07 1.837223038044343596e-07 3.322783535129293403e-07 -2.334152945297090363e-06 -1.384295439960813295e-06 -7.905050599016284815e-07 -4.475367153745630955e-07 -4.488039439040857033e-07 -1.087013725725389120e-06 -7.982298735186803977e-07 -5.675941381783117557e-07 -5.092337581550588982e-07 -4.082061792941101516e-07 -5.016396304470033921e-07 -3.687429637916335580e-07 -1.862062090741813294e-07 -7.495338170245742172e-08 -1.037032781954672934e-07 -6.894489154460037735e-08 9.875035342235184058e-09 1.073152321790878051e-07 1.569057063009815189e-07 1.425502881313224282e-07 -2.024426416294610499e-06 4.336756079701811638e-07 -3.084530154900457409e-07 -4.900552863125967498e-07 -3.801941397070551387e-07 2.416181073224273045e-07 -7.864334847743209067e-07 -4.657275455781909006e-07 -3.704440532711466933e-07 -3.702319770453870681e-07 -5.119453121325894185e-07 -4.425241054476517606e-07 -3.612267650277887989e-07 -4.022660030142109047e-07 -3.079109728836962269e-07 -2.030269768884014022e-07 -2.632421194244888978e-07 -2.632897151654021839e-07 -1.578501826785057359e-07 -9.611429472735899137e-09
-3.441268655630892051e-06 -1.044777403402464547e-06 4.604042628378375794e-07 5.018883542929474178e-07 1.672494847116839377e-07 2.122661780676580141e-06 2.591090285518554283e-06 2.810153838518103637e-06 2.503217705017924677e-06 2.566487093840847057e-06 2.048401078236311649e-06 2.226889270308631334e-06 2.036359337672897249e-06 1.724346998490824856e-06 1.568277507584087577e-06 1.252040334713480231e-06 9.162223511469245215e-07 1.049890368523913063e-06 1.069199570834456620e-06 7.894960678539741133e-07 2.132378208853367746e-06 2.697483689622601006e-06 1.702039236477468020e-06 1.995943948594605686e-06 1.836677475535598684e-06 2.171614476389106275e-06 2.841031476549252827e-06 2.334431116742783783e-06 2.473841444534533190e-06 2.682547118689141530e-06 2.433601700031829493e-06 2.403037411482120548e-06 2.202948894976748659e-06 2.148516730482053406e-06 2.008898993596661015e-06 1.806196399640347724e-06 1.523914434586389881e-06 1.185920992163359270e-06 1.038217197581786365e-06 9.517582088725069917e-07 1.834266935797517915e-06 2.144786191564654798e-06 1.931018659549220658e-06 1.796859681992013507e-06 1.885025939171389836e-06 1.730949642764864713e-06 1.493573465232521101e-06 1.430417428840522871e-06 1.421287585642305314e-06 1.210478088666400441e-06 1.164358125204877636e-06 1.149006471778703646e-06 1.114095052308718206e-06 9.580326209607601811e-07 7.041316033886426821e-07 4.453434057163663688e-07 2.791011687443050093e-07 2.162641238098982879e-07 1.997310152808261554e-07 3.612315517969071529e-07 -2.537540232900487600e-06 -1.504916539509003430e-06 -8.593860131802447574e-07 -4.865329940144705632e-07 -4.879106429746306048e-07 -1.181731072207931030e-06 -8.677839313134250849e-07 -6.170516651395458072e-07 -5.536060316326476849e-07 -4.437753770010787289e-07 -5.453501867738942291e-07 -4.008735194947314262e-07 -2.024313565628299567e-07 -8.148447257714926665e-08 -1.127395020257236585e-07 -7.495243038802519079e-08 1.073550023049008134e-08 1.166661849670832045e-07 1.705777435504472473e-07 1.549714606635372017e-07 -2.200825567255312096e-06 4.714640938457640775e-07 -3.353301840577738986e-07 -5.327564364919990373e-07 -4.133224978952041905e-07 2.626715912353763839e-07 -8.549596598353892695e-07 -5.063088889936625842e-07 -4.027228340406035888e-07 -4.024922784738010654e-07 -5.565538578775081399e-07 -4.810836084517114236e-07 -3.927023939478125710e-07 -4.373176012451515387e-07 -3.347409103667206487e-07 -2.207178082552353493e-07 -2.861798196984107108e-07 -2.862315627119631588e-07 -1.716045172294474101e-07 -1.044892496521841749e-08
-3.146837902435899400e-06 -9.553875217663559587e-07 4.210126350845902809e-07 4.589473982206942769e-07 1.529398225832827507e-07 1.941049425058779175e-06 2.369399757778693052e-06 2.569720500099485685e-06 2.289045448198194412e-06 2.346901585203407402e-06 1.873142377837059343e-06 2.036359337672897249e-06 1.862130913924107376e-06 1.576813970314011152e-06 1.434097594887880176e-06 1.144917289211931849e-06 8.378314831451294721e-07 9.600630278218565382e-07 9.777201583098224574e-07 7.219477462422994976e-07 1.949934527479649507e-06 2.466690271861620123e-06 1.556414833237838547e-06 1.825173416291611244e-06 1.679533588610826637e-06 1.985813787772084340e-06 2.597956285043251701e-06 2.134700034759474716e-06 2.262182584768538882e-06 2.453031655737906104e-06 2.225385703775755787e-06 2.197436458513595706e-06 2.014467271684489772e-06 1.964692256861611949e-06 1.837020043428241348e-06 1.651660436429798759e-06 1.393530172362104732e-06 1.084455037047920473e-06 9.493885991624751136e-07 8.703269361820362094e-07 1.677329291715637035e-06 1.961280898308546705e-06 1.765803055869354026e-06 1.643122556967221913e-06 1.723745416607661127e-06 1.582851700388892984e-06 1.365785139377489655e-06 1.308032656507324130e-06 1.299683951568976317e-06 1.106911058295520084e-06 1.064737062713338035e-06 1.050698878049232637e-06 1.018774437091614883e-06 8.760645172170155568e-07 6.438869613451088750e-07 4.072403665476752942e-07 2.552216128146843911e-07 1.977608288816707760e-07 1.826422729737385239e-07 3.303250203642833087e-07 -2.320431382415079990e-06 -1.376157714039736408e-06 -7.858579930031880693e-07 -4.449058238580524424e-07 -4.461656028517643792e-07 -1.080623601538710874e-06 -7.935373954932562140e-07 -5.642574765108892466e-07 -5.062401741021177178e-07 -4.058064964587181043e-07 -4.986906892702242479e-07 -3.665752696072570658e-07 -1.851115763458590048e-07 -7.451276038742243090e-08 -1.030936475987676564e-07 -6.853959176909564811e-08 9.816983911336637009e-09 1.066843683320936425e-07 1.559833196510865064e-07 1.417122913126548051e-07 -2.012525613295750716e-06 4.311262004272236221e-07 -3.066397420896372240e-07 -4.871744449177137319e-07 -3.779591285841237052e-07 2.401977299389585355e-07 -7.818103530572705917e-07 -4.629897173585743760e-07 -3.682663590538640185e-07 -3.680555295404388990e-07 -5.089357879252185553e-07 -4.399226810842913941e-07 -3.591032556061030361e-07 -3.999012401280531430e-07 -3.061008859375956475e-07 -2.018334615124138879e-07 -2.616946230180711277e-07 -2.617419389624298065e-07 -1.569222438251739802e-07 -9.554927676586734134e-09
-2.664677295119968655e-06 -8.090024069308098500e-07 3.565047976573965441e-07 3.886271710234613449e-07 1.295062807149632574e-07 1.643640534409495641e-06 2.006358742764712373e-06 2.175986207017192278e-06 1.938316374221213279e-06 1.987307755233182117e-06 1.586138250364204678e-06 1.724346998490824856e-06 1.576813970314011152e-06 1.335213479560314224e-06 1.214364202593918035e-06 9.694922966930554850e-07 7.094583831424382901e-07 8.129615288225489098e-07 8.279132219719903622e-07 6.113304298851074256e-07 1.651164255497061591e-06 2.088742339233614614e-06 1.317939911905354715e-06 1.545519125177713747e-06 1.422194329265676104e-06 1.681546071539426852e-06 2.199895686114067088e-06 1.807619868221429375e-06 1.915569456686152676e-06 2.077176505404218095e-06 1.884410618400647103e-06 1.860743775183788898e-06 1.705809249489701539e-06 1.663660795716435324e-06 1.555550604184082226e-06 1.398591920097185128e-06 1.180012547670003714e-06 9.182941112293091660e-07 8.039226432590396361e-07 7.369748611393046982e-07 1.420327776214510610e-06 1.660772127801627800e-06 1.495245531073035826e-06 1.391362220234097347e-06 1.459631991417806701e-06 1.340326104596432679e-06 1.156518627188993569e-06 1.107615018356199637e-06 1.100545507570260801e-06 9.373094058877632999e-07 9.015973381052634894e-07 8.897100934810053515e-07 8.626771367108735457e-07 7.418333261720874628e-07 5.452301706395409512e-07 3.448427253135351164e-07 2.161163866638161722e-07 1.674597824620004051e-07 1.546577017982063500e-07 2.797123998962246256e-07 -1.964893334613461268e-06 -1.165301909026621745e-06 -6.654483059083459685e-07 -3.767370560725427985e-07 -3.778038108865783861e-07 -9.150497308304319532e-07 -6.719510652146109681e-07 -4.778015687100943752e-07 -4.286737161654519711e-07 -3.436285537582610944e-07 -4.222809684469161402e-07 -3.104083617140925773e-07 -1.567486568567301170e-07 -6.309586542331397780e-08 -8.729756998760162852e-08 -5.803790969421277242e-08 8.312819073028060520e-09 9.033811808949267303e-08 1.320834511272247726e-07 1.199990392920945975e-07 -1.704165093297434382e-06 3.650687557565303979e-07 -2.596561957942615755e-07 -4.125292507535980477e-07 -3.200479782075328472e-07 2.033944731669375909e-07 -6.620208480611026279e-07 -3.920501233204322359e-07 -3.118403413050662064e-07 -3.116618152306439405e-07 -4.309563062363508155e-07 -3.725174337661940374e-07 -3.040812146938150272e-07 -3.386281047507015444e-07 -2.591999035421028436e-07 -1.709084035981909366e-07 -2.215975979161316624e-07 -2.216376640798613512e-07 -1.328785127116150750e-07 -8.090915269771413018e-09
-2.423499139421553173e-06 -7.357801413992655731e-07 3.242377874066199295e-07 3.534527862927537770e-07 1.177847540627875876e-07 1.494875731464682515e-06 1.824764557932061241e-06 1.979039154105868074e-06 1.762880658552811843e-06 1.807437862511062375e-06 1.442577940601319260e-06 1.568277507584087577e-06 1.434097594887880176e-06 1.214364202593918035e-06 1.104452912673690879e-06 8.817441988245198581e-07 6.452457804740279358e-07 7.393809258226051666e-07 7.529793512480505132e-07 5.559993224853381573e-07 1.501718485600185722e-06 1.899691670310916211e-06 1.198654053967966106e-06 1.405635225206175994e-06 1.293472473900598013e-06 1.529350463839194827e-06 2.000784602277551750e-06 1.644013405697858036e-06 1.742192549275313018e-06 1.889172652348189999e-06 1.713853876555508548e-06 1.692329103452993739e-06 1.551417597818161270e-06 1.513083972341436919e-06 1.414758761772342008e-06 1.272006302963926087e-06 1.073210403009095750e-06 8.351799268060770922e-07 7.311601437321762654e-07 6.702717604932390488e-07 1.291774861314837948e-06 1.510456755823162204e-06 1.359911860402698022e-06 1.265430958388972621e-06 1.327521678347907418e-06 1.219014087365297210e-06 1.051842901521526989e-06 1.007365525541352805e-06 1.000935871437559028e-06 8.524741598920149050e-07 8.199943674247037871e-07 8.091830293426992335e-07 7.845968073681225662e-07 6.746904891128067780e-07 4.958817533933706475e-07 3.136312414128591433e-07 1.965558373818296091e-07 1.523031098090648632e-07 1.406597368841969004e-07 2.543958180885532963e-07 -1.787052156075987210e-06 -1.059831214407958746e-06 -6.052190258279660496e-07 -3.426388376754308148e-07 -3.436090412263537326e-07 -8.322291931022118553e-07 -6.111332247485858968e-07 -4.345560690233781912e-07 -3.898747454793918393e-07 -3.125269637111255593e-07 -3.840606010714427514e-07 -2.823135089795137289e-07 -1.425614410020583299e-07 -5.738510094055315959e-08 -7.939632544848935352e-08 -5.278493739386102523e-08 7.560431391277931085e-09 8.216167557992846966e-08 1.201286665086574289e-07 1.091380066878647126e-07 -1.549922253100685872e-06 3.320266273991034317e-07 -2.361548875750585556e-07 -3.751915048094226359e-07 -2.910806502461092463e-07 1.849853757473401825e-07 -6.021017848928591613e-07 -3.565659294719230552e-07 -2.836158810576447033e-07 -2.834535132585423003e-07 -3.919507398531219956e-07 -3.388011305553797695e-07 -2.765590277945993848e-07 -3.079791019911583597e-07 -2.357398940287643435e-07 -1.554395985580232858e-07 -2.015409478780618660e-07 -2.015773876801709837e-07 -1.208517676020190101e-07 -7.358611952499457213e-09
