6.910907089489939914e-06 1.853222822888703250e-06 -1.440255453315679892e-07 -6.961617739920754090e-07 -9.774129953570446900e-07 -4.184413622532217677e-06 -4.780859750643364871e-06 -5.399301596661855015e-06 -4.955229123715257792e-06 -5.293155550277471373e-06 -4.342049433117165152e-06 -4.555672452355574138e-06 -4.303193904658910803e-06 -3.732685626593977636e-06 -3.403909092502140275e-06 -2.754169572352858660e-06 -2.077258711884274276e-06 -2.122893099446804048e-06 -2.021412056122898062e-06 -1.438725311381191194e-06 -5.546872906187868484e-06 -6.406593410398536855e-06 -4.171005289928273977e-06 -4.484670306013965973e-06 -4.069972337200052157e-06 -4.770879701439998342e-06 -5.936556384829317479e-06 -4.992698307372012178e-06 -5.213733958915735252e-06 -5.617263162147742429e-06 -5.191928965139599647e-06 -5.123744869808358046e-06 -4.792709986816628159e-06 -4.605873463826932225e-06 -4.303066865511024203e-06 -3.861286485683171654e-06 -3.265822090731725520e-06 -2.545245702965232349e-06 -2.204541140052799771e-06 -2.004810715259341864e-06 -2.996327933090996760e-06 -4.010677755075240534e-06 -3.737039085736268328e-06 -3.560355465121444996e-06 -3.998298366134489043e-06 -3.506855158051651654e-06 -3.046372089347427122e-06 -3.141160329043147515e-06 -3.099833958357707621e-06 -2.706985132060331131e-06 -2.554689305766253885e-06 -2.392904608260016013e-06 -2.237541358932632892e-06 -1.921079196823151319e-06 -1.427061324465576695e-06 -8.746510512338661817e-07 -6.133925571629246962e-07 -4.766150260705541900e-07 -4.088724669364178259e-07 -7.367064465752299834e-07 4.752431261259527740e-06 1.978201251283072433e-06 2.098442267080073208e-06 1.378273127915098643e-06 1.085508555583420660e-06 1.595869781318105773e-06 1.354403492186726580e-06 8.765509037741930809e-07 8.097077660693811685e-07 8.135156125933375921e-07 9.993171018764493394e-07 9.046455864224648492e-07 6.537969703656603232e-07 4.735000828497664594e-07 3.481821136632865931e-07 2.885666557227184066e-07 9.817804376301791102e-08 -1.395883202883012046e-07 -2.074823237419749330e-07 -1.073413229443065532e-07 2.707012134598814869e-06 -1.034253914215923624e-06 9.232943887390695854e-07 7.815482055855086733e-07 8.442899927253109469e-07 -5.583196739642265375e-07 1.010163734649618399e-06 4.683550056704706026e-07 4.194894410405845680e-07 5.811811218362951737e-07 8.064380186195179625e-07 8.157363861403224859e-07 5.089791430512548739e-07 7.517062581036685519e-07 5.622397885213773756e-07 2.061614647858549119e-07 1.914185553391831491e-07 -3.700663704251588096e-08 -1.446730076706343788e-07 -2.781595070502213864e-07
1.853222822888703250e-06 4.969586172701756477e-07 -3.862176473090926071e-08 -1.866821346718496328e-07 -2.621022171081413248e-07 -1.122088710681166681e-06 -1.282031184646730837e-06 -1.447872011159054308e-06 -1.328789923782591171e-06 -1.419407979857273314e-06 -1.164360192282310192e-06 -1.221645154968189768e-06 -1.153940727630014754e-06 -1.000953724930358843e-06 -9.127892960472309776e-07 -7.385557125130799113e-07 -5.570358860362638852e-07 -5.692731636388007503e-07 -5.420600954925901561e-07 -3.858073257813201008e-07 -1.487444604926534145e-06 -1.717986506167197817e-06 -1.118493143894239336e-06 -1.202605281277156726e-06 -1.091400235331697200e-06 -1.279354943349064093e-06 -1.591941786985205958e-06 -1.338837627420989997e-06 -1.398110355126425790e-06 -1.506320394626007910e-06 -1.392263146996492260e-06 -1.373978959408723369e-06 -1.285208933652546876e-06 -1.235107014458719449e-06 -1.153906660922820474e-06 -1.035439219239728468e-06 -8.757600059827783613e-07 -6.825308697563031060e-07 -5.911678310588402413e-07 -5.376082943931822782e-07 -8.034926875095639665e-07 -1.075499851858959705e-06 -1.002121144740310552e-06 -9.547418189999950425e-07 -1.072180205708122679e-06 -9.403952232768259969e-07 -8.169124848423437052e-07 -8.423308165997915951e-07 -8.312487730489689646e-07 -7.259027741211971924e-07 -6.850632580541814494e-07 -6.416792145516036513e-07 -6.000171409969575642e-07 -5.151549233737597680e-07 -3.826795212141359037e-07 -2.345456637197866913e-07 -1.644868136128123950e-07 -1.278086700642991153e-07 -1.096428844383871964e-07 -1.975545587407424182e-07 1.274407825706412070e-06 5.304727237210410208e-07 5.627164497380216949e-07 3.695965209416494424e-07 2.910890283429665677e-07 4.279470499024457959e-07 3.631956602249524188e-07 2.350551265214515247e-07 2.171305289622630404e-07 2.181516377679342184e-07 2.679760032249420941e-07 2.425889721384434923e-07 1.753216258484753148e-07 1.269733696046032471e-07 9.336821219080442255e-08 7.738178293892793650e-08 2.632733866222751056e-08 -3.743188232994614292e-08 -5.563827913261520839e-08 -2.878455562251490001e-08 7.259100150983867096e-07 -2.773446283776312432e-07 2.475898187169239059e-07 2.095792857614115499e-07 2.264040687270421826e-07 -1.497185172452737824e-07 2.708846268175380953e-07 1.255936701916715389e-07 1.124899229624302461e-07 1.558490231849687144e-07 2.162537163353961694e-07 2.187471584670908766e-07 1.364874034714502825e-07 2.015768951292327650e-07 1.507697317488949388e-07 5.528407874595087981e-08 5.133063299584023145e-08 -9.923667541392253456e-09 -3.879538766754858339e-08 -7.459101101979760468e-08
-1.440255453315679892e-07 -3.862176473090926071e-08 3.001539080101641466e-09 1.450823717347942435e-08 2.036960385193796841e-08 8.720453712864543868e-08 9.963466789870770251e-08 1.125231965643779245e-07 1.032685821910870220e-07 1.103110785287368049e-07 9.048971855118378853e-08 9.494169156178588859e-08 8.967995673513260800e-08 7.779037917310229557e-08 7.093856956234761790e-08 5.739778721623765520e-08 4.329074532471596500e-08 4.424178076325643501e-08 4.212688290451228482e-08 2.998350214679262866e-08 1.155986305203778108e-07 1.335154846826887530e-07 8.692510312812084924e-08 9.346198380213248306e-08 8.481954362273114286e-08 9.942668043623164066e-08 1.237197606110124592e-07 1.040494521318071867e-07 1.086559068039756753e-07 1.170655862860062114e-07 1.082014836611243650e-07 1.067805049985756738e-07 9.988163066424071118e-08 9.598789692379318282e-08 8.967730919808487394e-08 8.047046278884024882e-08 6.806079165625613940e-08 5.304374601271816676e-08 4.594335241242766379e-08 4.178090557618947212e-08 6.244444599927203117e-08 8.358382529876163927e-08 7.788110667369344660e-08 7.419896271188192796e-08 8.332583481792086940e-08 7.308399895946053083e-08 6.348738244772348478e-08 6.546280010801256714e-08 6.460154513851704711e-08 5.641444817603683446e-08 5.324055375817032359e-08 4.986890818648048257e-08 4.663108767766617537e-08 4.003591357325072688e-08 2.974042087619988010e-08 1.822801160507052441e-08 1.278329984815863955e-08 9.932811735730829089e-09 8.521034830744240557e-09 1.535320130097570408e-08 -9.904220895902863073e-08 -4.122635571601391616e-08 -4.373221748598640795e-08 -2.872365903539716621e-08 -2.262235038838057892e-08 -3.325844387085720939e-08 -2.822620808458451248e-08 -1.826760514823742128e-08 -1.687457247756970558e-08 -1.695392923422264709e-08 -2.082609253650670185e-08 -1.885310744727546772e-08 -1.362534092467316884e-08 -9.867895308662505826e-09 -7.256228183318545255e-09 -6.013822703271035123e-09 -2.046062276551140423e-09 2.909065870964263643e-09 4.323998924691718499e-09 2.237027986843724474e-09 -5.641501091769724243e-08 2.155418703758771803e-08 -1.924175453638397336e-08 -1.628771810339430038e-08 -1.759527729799405106e-08 1.163556309913809150e-08 -2.105213988165806610e-08 -9.760670231414972626e-09 -8.742296014742679439e-09 -1.211200308801470435e-08 -1.680642988015594187e-08 -1.700021087526059895e-08 -1.060729043106864925e-08 -1.566580223849077451e-08 -1.171725955801749026e-08 -4.296471795619099178e-09 -3.989224780815498544e-09 7.712303192501937709e-10 3.015032405255369206e-09 5.796934349326500756e-09
-6.961617739920754090e-07 -1.866821346718496328e-07 1.450823717347942435e-08 7.012700493468251821e-08 9.845850276376499136e-08 4.215117889529652117e-07 4.815940602467045103e-07 5.438920432842600562e-07 4.991589457987362557e-07 5.331995511126352608e-07 4.373910395521214709e-07 4.589100931456389420e-07 4.334769754111007967e-07 3.760075217211712071e-07 3.428886196354491877e-07 2.774379036697007149e-07 2.092501159659751314e-07 2.138470401886848561e-07 2.036244713953094149e-07 1.449282347583048044e-07 5.587574586775880285e-07 6.453603522773097555e-07 4.201611169657766400e-07 4.517577787657233990e-07 4.099836860305667716e-07 4.805887321952668199e-07 5.980117473365976356e-07 5.029333581916028457e-07 5.251991142351455907e-07 5.658481350282084858e-07 5.230026148534412453e-07 5.161341733957301932e-07 4.827877792954167039e-07 4.639670306430690723e-07 4.334641782779004787e-07 3.889619719895868054e-07 3.289785943850831546e-07 2.563922131895942588e-07 2.220717557079673059e-07 2.019521556259661233e-07 3.018314299920054344e-07 4.040107188143088747e-07 3.764460621038234965e-07 3.586480536557549912e-07 4.027636962086891204e-07 3.532587656510775873e-07 3.068725668711852828e-07 3.164209442760143219e-07 3.122579828649453153e-07 2.726848367808657479e-07 2.573435029687368098e-07 2.410463193194300400e-07 2.253959923993343840e-07 1.935175635154403032e-07 1.437532773007890783e-07 8.810690399484760968e-08 6.178934909969877594e-08 4.801123177667330491e-08 4.118726792780262683e-08 7.421122294339256666e-08 -4.787303511351373854e-07 -1.992716838142599727e-07 -2.113840154922752303e-07 -1.388386579866171642e-07 -1.093473768281123294e-07 -1.607579907581645858e-07 -1.364341794228003637e-07 -8.829828331707994980e-08 -8.156492158594824383e-08 -8.194850034874748660e-08 -1.006649861464529733e-07 -9.112836681536770381e-08 -6.585943825125200326e-08 -4.769745178073528974e-08 -3.507369941187180905e-08 -2.906840916272754008e-08 -9.889845172000217347e-09 1.406125873523353392e-08 2.090047814242455216e-08 1.081289689412970185e-08 -2.726875568485573059e-07 1.041843032116273593e-07 -9.300693111024859888e-08 -7.872830269823337133e-08 -8.504851989593000032e-08 5.624164956185219281e-08 -1.017576084340096215e-07 -4.717916872323160671e-08 -4.225675583019752930e-08 -5.854456955492379267e-08 -8.123554757531155221e-08 -8.217220725611639871e-08 -5.127139152114969839e-08 -7.572221061374702610e-08 -5.663653750767750266e-08 -2.076742303081926644e-08 -1.928231407749414872e-08 3.727818325350994178e-09 1.457345850039365834e-08 2.802005776858667539e-08
-9.774129953570446900e-07 -2.621022171081413248e-07 2.036960385193796841e-08 9.845850276376499136e-08 1.382360016018300891e-07 5.918036807110210557e-07 6.761593505380415872e-07 7.636258855881728672e-07 7.008204969007121225e-07 7.486135979393274602e-07 6.140981910848743711e-07 6.443109999690463504e-07 6.086028345470445760e-07 5.279155676342156990e-07 4.814165403967466602e-07 3.895235598708242527e-07 2.937877232935241117e-07 3.002418172150890026e-07 2.858893032479973641e-07 2.034796297915319840e-07 7.844969686174814897e-07 9.060876631976970949e-07 5.899073336232278702e-07 6.342691314221414732e-07 5.756181933299026819e-07 6.747478672610476882e-07 8.396100950375044610e-07 7.061197820100759624e-07 7.373809631341289396e-07 7.944522972061584403e-07 7.342970721188833742e-07 7.246537619151084607e-07 6.778353352798148513e-07 6.514109537604661243e-07 6.085848673377541102e-07 5.461036505096193367e-07 4.618868276871729946e-07 3.599753540657864080e-07 3.117893398340958416e-07 2.835413674285347126e-07 4.237721361655005051e-07 5.672321313596593268e-07 5.285312795060916669e-07 5.035428279729647822e-07 5.654813082812139710e-07 4.959762531791676234e-07 4.308499058465748575e-07 4.442558532983229664e-07 4.384110443266727565e-07 3.828502412277908147e-07 3.613109674637361503e-07 3.384296779680360374e-07 3.164565770527568518e-07 2.716991775132668771e-07 2.018299863740515265e-07 1.237023292034702648e-07 8.675241163900242653e-08 6.740789801273083016e-08 5.782703449090119690e-08 1.041927557875886217e-07 -6.721386952749446312e-07 -2.797779778252445615e-07 -2.967837239441081047e-07 -1.949298476931261740e-07 -1.535240099540676552e-07 -2.257046496154015894e-07 -1.915539533491216335e-07 -1.239710262844947631e-07 -1.145173683786487981e-07 -1.150559139890362310e-07 -1.413339101811988014e-07 -1.279444710964810615e-07 -9.246682770953365005e-08 -6.696735005797283324e-08 -4.924356791931594480e-08 -4.081212432432279595e-08 -1.388536911147921727e-08 1.974204492740715567e-08 2.934432729398061465e-08 1.518133620174684338e-08 -3.828540602101154438e-07 1.462750407672088707e-07 -1.305819803982360122e-07 -1.105347478624017767e-07 -1.194083497366955785e-07 7.896342662832982167e-08 -1.428679547995216230e-07 -6.623967925701436327e-08 -5.932859837049137632e-08 -8.219673246698300035e-08 -1.140549263854852443e-07 -1.153699990861820453e-07 -7.198517102632695261e-08 -1.063141865239529633e-07 -7.951785036197754104e-08 -2.915751756089813402e-08 -2.707242061255923963e-08 5.233866913769491342e-09 2.046117476962114334e-08 3.934023615893551126e-08
-4.184413622532217677e-06 -1.122088710681166681e-06 8.720453712864543868e-08 4.215117889529652117e-07 5.918036807110210557e-07 2.533577305801324426e-06 2.894713300144301768e-06 3.269167254120802974e-06 3.000290407546606800e-06 3.204897982848986308e-06 2.629022581605089644e-06 2.758366973044974141e-06 2.605496349739135424e-06 2.260065195826965282e-06 2.060997694237337089e-06 1.667593635406203355e-06 1.257737882882434297e-06 1.285368576002728873e-06 1.223923869162562904e-06 8.711189014797889667e-07 3.358518679321505972e-06 3.879061951399396778e-06 2.525458833236599872e-06 2.715376618156151338e-06 2.464285436134566814e-06 2.888670583421395598e-06 3.594464096527710681e-06 3.022977235843998250e-06 3.156809825315708618e-06 3.401138547034669585e-06 3.143607345262858174e-06 3.102323262920327373e-06 2.901888377023723053e-06 2.788762664022372649e-06 2.605419430120027576e-06 2.337930399290710114e-06 1.977388824400049448e-06 1.541094483584695356e-06 1.334804803250577407e-06 1.213872095066596515e-06 1.814215595499364103e-06 2.428383773158552093e-06 2.262701126755315386e-06 2.155722789555075873e-06 2.420888305045388909e-06 2.123329442225467395e-06 1.844516313835745884e-06 1.901908664261324315e-06 1.876886387702440019e-06 1.639024416897698805e-06 1.546812392926360772e-06 1.448855050511514312e-06 1.354785764308109039e-06 1.163174364386272336e-06 8.640565947361547485e-07 5.295834145001120263e-07 3.713967123152060939e-07 2.885807003289301097e-07 2.475639591695585683e-07 4.460607632165712636e-07 -2.877500428273017614e-06 -1.197760606066850832e-06 -1.270564094519654652e-06 -8.345163344460013606e-07 -6.572533429462983123e-07 -9.662666805187575034e-07 -8.200637557015149253e-07 -5.307337365559006706e-07 -4.902615767709461449e-07 -4.925671503607845858e-07 -6.050661715132174064e-07 -5.477444952409555751e-07 -3.958607623779057186e-07 -2.866946655902630253e-07 -2.108171851637852922e-07 -1.747212384103727819e-07 -5.944480781405740730e-08 8.451788765168698284e-08 1.256263252650147489e-07 6.499298690787879855e-08 -1.639040766385314828e-06 6.262197005055942066e-07 -5.590359655858810257e-07 -4.732115358765412952e-07 -5.112004113468932183e-07 3.380512021376461417e-07 -6.116335869547702076e-07 -2.835794260480086474e-07 -2.539923209600259364e-07 -3.518933436493119654e-07 -4.882818112214635738e-07 -4.939117835561425792e-07 -3.081765146296639688e-07 -4.551428438873513723e-07 -3.404247517372023699e-07 -1.248265720433518800e-07 -1.159000403557488864e-07 2.240676573416900121e-08 8.759656240066598590e-08 1.684199216493441659e-07
-4.780859750643364871e-06 -1.282031184646730837e-06 9.963466789870770251e-08 4.815940602467045103e-07 6.761593505380415872e-07 2.894713300144301768e-06 3.307325602753642473e-06 3.735154206359077538e-06 3.427951666260141866e-06 3.661723996072966209e-06 3.003763341235397068e-06 3.151544476369019432e-06 2.976883681345517257e-06 2.582214786410222380e-06 2.354772212166078900e-06 1.905292356618882512e-06 1.437015783705720894e-06 1.468584954571113086e-06 1.398381922002726271e-06 9.952881502161585993e-07 3.837241779658332975e-06 4.431983266146318325e-06 2.885437620868144003e-06 3.102426278242738433e-06 2.815544570515667390e-06 3.300421557462919539e-06 4.106818845939671111e-06 3.453872274034838558e-06 3.606781354744330463e-06 3.885936681383727847e-06 3.591696993783105523e-06 3.544528280214533749e-06 3.315523414766269919e-06 3.186272767760752783e-06 2.976795797607388190e-06 2.671178892446708261e-06 2.259245737811477580e-06 1.760762021429889044e-06 1.525067819410337978e-06 1.386897368482684047e-06 2.072813804258571179e-06 2.774525486126175074e-06 2.585226442813634259e-06 2.462999418277309030e-06 2.765961614327868406e-06 2.425988724687458621e-06 2.107433585613341745e-06 2.173006639067465153e-06 2.144417688341928525e-06 1.872650882998980494e-06 1.767294961309970266e-06 1.655374783746901548e-06 1.547896865751439555e-06 1.328973185568892031e-06 9.872191825893623143e-07 6.050702104013556285e-07 4.243355828562980198e-07 3.297149802748578156e-07 2.828517146895765025e-07 5.096422441892446207e-07 -3.287659208905941685e-06 -1.368489348571114093e-06 -1.451670242968405416e-06 -9.534682549362641558e-07 -7.509382046620474858e-07 -1.103998289367085841e-06 -9.369556062725535925e-07 -6.063844993108418438e-07 -5.601434397044055885e-07 -5.627776496492472163e-07 -6.913122761781046768e-07 -6.258199707679085542e-07 -4.522867375061833466e-07 -3.275601102300193456e-07 -2.408670571824453155e-07 -1.996259958147297828e-07 -6.791806802573544994e-08 9.656506352706701411e-08 1.435330959746956547e-07 7.425708431613742013e-08 -1.872669562941820168e-06 7.154810282343417980e-07 -6.387209267840514042e-07 -5.406630867536485141e-07 -5.840668948118253056e-07 3.862370051693027066e-07 -6.988158107190502406e-07 -3.240008245845999196e-07 -2.901963748783129940e-07 -4.020522049046924699e-07 -5.578814784632260446e-07 -5.643139467993304034e-07 -3.521039810579033557e-07 -5.200188842272226187e-07 -3.889488804212064153e-07 -1.426193459650631195e-07 -1.324204268552744727e-07 2.560062510640550801e-08 1.000825724352348100e-07 1.924264896481703163e-07
-5.399301596661855015e-06 -1.447872011159054308e-06 1.125231965643779245e-07 5.438920432842600562e-07 7.636258855881728672e-07 3.269167254120802974e-06 3.735154206359077538e-06 4.218325807917475633e-06 3.871384200807676591e-06 4.135396821852225731e-06 3.392323776522439722e-06 3.559221564891172290e-06 3.361967021015938058e-06 2.916244597493652515e-06 2.659380535731533774e-06 2.151756922343433423e-06 1.622905088221102057e-06 1.658557979865929218e-06 1.579273632362117516e-06 1.124036507843085066e-06 4.333619212506436893e-06 5.005295192368320090e-06 3.258691692707578041e-06 3.503749541154711038e-06 3.179757426059636592e-06 3.727357068457968901e-06 4.638068194554147734e-06 3.900657843257767637e-06 4.073346917332311641e-06 4.388613183120159955e-06 4.056311275529264252e-06 4.003040917525349873e-06 3.744412469892734940e-06 3.598442234172568806e-06 3.361867768824417932e-06 3.016716911015034300e-06 2.551496959887906658e-06 1.988530450484058812e-06 1.722347347932922219e-06 1.566303461432219841e-06 2.340948588046313612e-06 3.133432200182012829e-06 2.919645835362082339e-06 2.781607782970899061e-06 3.123760524147595924e-06 2.739809464798869418e-06 2.380046710663222467e-06 2.454102154804874334e-06 2.421814998236748068e-06 2.114893017141107476e-06 1.995908477568135455e-06 1.869510543946753793e-06 1.748129511139695053e-06 1.500886329450951407e-06 1.114923755730891809e-06 6.833408055262291562e-07 4.792267310765874327e-07 3.723662086514469524e-07 3.194408107320983391e-07 5.755684806288281049e-07 -3.712943809643678601e-06 -1.545514219228127233e-06 -1.639455217156505436e-06 -1.076806879882009558e-06 -8.480779731889346300e-07 -1.246809159312717946e-06 -1.058158190117979030e-06 -6.848251080528843044e-07 -6.326024033540550290e-07 -6.355773690930545790e-07 -7.807389614510406816e-07 -7.067747107484861772e-07 -5.107935876256337535e-07 -3.699325892021147660e-07 -2.720251072526040912e-07 -2.254491899271124149e-07 -7.670380480920683832e-08 1.090565147018343930e-07 1.621002319019510892e-07 8.386282276061756479e-08 -2.114914113481611202e-06 8.080341318540219947e-07 -7.213445069879704017e-07 -6.106021133902248662e-07 -6.596205457167914588e-07 4.361998024350900387e-07 -7.892131372563617295e-07 -3.659128819380180442e-07 -3.277355605370151656e-07 -4.540608227612614329e-07 -6.300478396190605971e-07 -6.373123983739856900e-07 -3.976514029429744840e-07 -5.872874207457183552e-07 -4.392624801000395413e-07 -1.610682811350843482e-07 -1.495500515475511730e-07 2.891226750459594650e-08 1.130290410788290044e-07 2.173183709598648890e-07
-4.955229123715257792e-06 -1.328789923782591171e-06 1.032685821910870220e-07 4.991589457987362557e-07 7.008204969007121225e-07 3.000290407546606800e-06 3.427951666260141866e-06 3.871384200807676591e-06 3.552977250389878220e-06 3.795275815381539156e-06 3.113317764076825859e-06 3.266488830149467341e-06 3.085457738794978269e-06 2.676394326686996099e-06 2.440656378566747769e-06 1.974782919210181597e-06 1.489427181313747682e-06 1.522147755236185943e-06 1.449384250406497554e-06 1.031588686067627997e-06 3.977195151717461151e-06 4.593628280618675023e-06 2.990676422094456278e-06 3.215579174030186368e-06 2.918234205272412738e-06 3.420795813948968159e-06 4.256604337427885465e-06 3.579843244635430744e-06 3.738329284705992844e-06 4.027666072805170202e-06 3.722694761075041511e-06 3.673805691871177918e-06 3.436448472055427619e-06 3.302483745268662700e-06 3.085366649727029733e-06 2.768603166140603551e-06 2.341645825549780555e-06 1.824981217519925388e-06 1.580690685052216350e-06 1.437480827791407884e-06 2.148414274131107093e-06 2.875719056910740772e-06 2.679515825392077626e-06 2.552830889360236408e-06 2.866842840255143892e-06 2.514470327383774810e-06 2.184296721593141024e-06 2.252261380912645922e-06 2.222629722876123594e-06 1.940950933090832342e-06 1.831752429319833180e-06 1.715750255585857981e-06 1.604352361235218645e-06 1.377444011588379601e-06 1.023225423920639268e-06 6.271385660434480544e-07 4.398121149894132146e-07 3.417404730526373373e-07 2.931679922495058292e-07 5.282301139961914776e-07 -3.407567992060230959e-06 -1.418401423430410497e-06 -1.504616123704492656e-06 -9.882435193298317912e-07 -7.783267144264331787e-07 -1.144263743622144511e-06 -9.711286149327543123e-07 -6.285007902083350625e-07 -5.805732087220906181e-07 -5.833034945948152924e-07 -7.165260859280891404e-07 -6.486451197265212328e-07 -4.687827150041787789e-07 -3.395070097508602476e-07 -2.496520540125495360e-07 -2.069068326421189357e-07 -7.039520217306282792e-08 1.000870220169801140e-07 1.487680907801399046e-07 7.696541752683434164e-08 -1.940970294335800021e-06 7.415763300932316743e-07 -6.620166044194905898e-07 -5.603823607749501560e-07 -6.053692093728579375e-07 4.003239911846263941e-07 -7.243032922941811843e-07 -3.358179084574305945e-07 -3.007805297363294838e-07 -4.167160090252733624e-07 -5.782287483522795418e-07 -5.848958241710486641e-07 -3.649460541651351893e-07 -5.389852148785336664e-07 -4.031347750036471592e-07 -1.478210141253777723e-07 -1.372501160779209551e-07 2.653434104514472270e-08 1.037328228757765564e-07 1.994447432913275500e-07
-5.293155550277471373e-06 -1.419407979857273314e-06 1.103110785287368049e-07 5.331995511126352608e-07 7.486135979393274602e-07 3.204897982848986308e-06 3.661723996072966209e-06 4.135396821852225731e-06 3.795275815381539156e-06 4.054098154790999752e-06 3.325633344345763311e-06 3.489250052732486422e-06 3.295873378909307931e-06 2.858913509616444790e-06 2.607099194405090787e-06 2.109455064223821606e-06 1.591000043524529960e-06 1.625952027205147693e-06 1.548226347961856758e-06 1.101938829252021015e-06 4.248423648282471167e-06 4.906895003724453050e-06 3.194628362779796796e-06 3.434868565595834032e-06 3.117245882076561384e-06 3.654080143804545302e-06 4.546887401464639045e-06 3.823973960917127174e-06 3.993268102862277919e-06 4.302336480446874744e-06 3.976567368452833522e-06 3.924344264022435689e-06 3.670800249386803972e-06 3.527699674331837862e-06 3.295776077938244207e-06 2.957410616037341257e-06 2.501336525282565027e-06 1.949437497135362950e-06 1.688487346188115491e-06 1.535511160447960351e-06 2.294927369753220563e-06 3.071831373906911985e-06 2.862247881808623219e-06 2.726923549562464048e-06 3.062349835458733913e-06 2.685946953633589484e-06 2.333256853859659498e-06 2.405856425891159896e-06 2.374204009568108917e-06 2.073315874565064045e-06 1.956670477977611752e-06 1.832757428870434769e-06 1.713762652231486322e-06 1.471380078116133672e-06 1.093005226718911867e-06 6.699068597572849717e-07 4.698055083656832944e-07 3.650457802316064898e-07 3.131608542403183951e-07 5.642532544743957163e-07 -3.639950238385367800e-06 -1.515130618485516751e-06 -1.607224809869569677e-06 -1.055637698836512013e-06 -8.314054235511552051e-07 -1.222297866419076983e-06 -1.037355627727369094e-06 -6.713619820571974756e-07 -6.201659348873172997e-07 -6.230824151267256220e-07 -7.653902441155405731e-07 -6.928800727314507398e-07 -5.007517852046544334e-07 -3.626600038372187509e-07 -2.666773064055457411e-07 -2.210170351858177148e-07 -7.519586799971827362e-08 1.069125489201827398e-07 1.589134681277211784e-07 8.221414525755358340e-08 -2.073336556168013812e-06 7.921488128170247284e-07 -7.071634381724768901e-07 -5.985981534168844672e-07 -6.466529217031533813e-07 4.276244554882256889e-07 -7.736978242525148624e-07 -3.587193208739630830e-07 -3.212925357517203774e-07 -4.451343421245905434e-07 -6.176615918773280741e-07 -6.247833350890282858e-07 -3.898338873799068324e-07 -5.757418093944315758e-07 -4.306269233057228249e-07 -1.579018047058017545e-07 -1.466100145030994129e-07 2.834387493887634766e-08 1.108069785356746544e-07 2.130460617600331844e-07
-4.342049433117165152e-06 -1.164360192282310192e-06 9.048971855118378853e-08 4.373910395521214709e-07 6.140981910848743711e-07 2.629022581605089644e-06 3.003763341235397068e-06 3.392323776522439722e-06 3.113317764076825859e-06 3.325633344345763311e-06 2.728063485082183981e-06 2.862280556383220453e-06 2.703650969745056918e-06 2.345206685473349129e-06 2.138639885342767444e-06 1.730415454221638380e-06 1.305119558920375427e-06 1.333791159345719306e-06 1.270031698983877595e-06 9.039358136060659822e-07 3.485041261011017092e-06 4.025194511461190076e-06 2.620598268815450494e-06 2.817670662880016645e-06 2.557120339009841493e-06 2.997492982449665069e-06 3.729875246712177525e-06 3.136859253717685387e-06 3.275733603069550575e-06 3.529266710294274467e-06 3.262033757356274992e-06 3.219194415335476071e-06 3.011208718606577801e-06 2.893821318048590652e-06 2.703571152399385569e-06 2.426005237685953946e-06 2.051881290560048333e-06 1.599150808800665241e-06 1.385089755005837839e-06 1.259601253059461470e-06 1.882560977139559466e-06 2.519866183604757009e-06 2.347941917557372996e-06 2.236933477594638219e-06 2.512088345176821114e-06 2.203319803589778545e-06 1.914003188341402913e-06 1.973557631355532955e-06 1.947592712122224765e-06 1.700769972149437582e-06 1.605084124016423017e-06 1.503436519006320236e-06 1.405823441600732667e-06 1.206993630434522631e-06 8.966074546628743878e-07 5.495339543720644312e-07 3.853880207936837445e-07 2.994521525129505755e-07 2.568902229894570150e-07 4.628648261804121282e-07 -2.985902023666652942e-06 -1.242882809810611584e-06 -1.318428961382059158e-06 -8.659543495882919585e-07 -6.820134820771686012e-07 -1.002668012978961458e-06 -8.509573112920150629e-07 -5.507276115199484995e-07 -5.087307789159709933e-07 -5.111232083939893058e-07 -6.278603082807717989e-07 -5.683792018664683017e-07 -4.107736839447879983e-07 -2.974950668119168200e-07 -2.187591194146397158e-07 -1.813033611467378486e-07 -6.168422086213096772e-08 8.770185724235062918e-08 1.303589376213369613e-07 6.744141172859726372e-08 -1.700786937557219597e-06 6.498107359524497836e-07 -5.800960460489449684e-07 -4.910384265152600841e-07 -5.304584241733739864e-07 3.507863139299493192e-07 -6.346751323080826510e-07 -2.942624695333800867e-07 -2.635607549172446674e-07 -3.651499185172712462e-07 -5.066764313640112497e-07 -5.125184967976537155e-07 -3.197861830489855079e-07 -4.722890482543811897e-07 -3.532492802193553800e-07 -1.295290559853400163e-07 -1.202662427574250711e-07 2.325087652189636042e-08 9.089651225364629233e-08 1.747646603063657300e-07
-4.555672452355574138e-06 -1.221645154968189768e-06 9.494169156178588859e-08 4.589100931456389420e-07 6.443109999690463504e-07 2.758366973044974141e-06 3.151544476369019432e-06 3.559221564891172290e-06 3.266488830149467341e-06 3.489250052732486422e-06 2.862280556383220453e-06 3.003100927910638946e-06 2.836666977973493532e-06 2.460587714778963585e-06 2.243858104620990222e-06 1.815549577994672460e-06 1.369329694004792825e-06 1.399411898787273567e-06 1.332515558332906239e-06 9.484082455013490011e-07 3.656500625492074576e-06 4.223228692740168695e-06 2.749528195344041061e-06 2.956296287368082138e-06 2.682927236372376736e-06 3.144965624325403574e-06 3.913380115520924899e-06 3.291188529564746654e-06 3.436895310988214498e-06 3.702901907673734221e-06 3.422521451206363742e-06 3.377574470908839668e-06 3.159356156339445457e-06 3.036193452825097130e-06 2.836583233721269871e-06 2.545361447592254997e-06 2.152831103122076737e-06 1.677826887748088772e-06 1.453234316678438963e-06 1.321571948432653703e-06 1.975180456957008736e-06 2.643840226394953267e-06 2.463457516619759449e-06 2.346987610022187062e-06 2.635679728728858901e-06 2.311720188256224711e-06 2.008169582857068257e-06 2.070654024739637655e-06 2.043411666240300666e-06 1.784445577892082465e-06 1.684052114129301314e-06 1.577403583032315475e-06 1.474988072896807352e-06 1.266376101202444348e-06 9.407193411089123573e-07 5.765702892446284324e-07 4.043485954827559229e-07 3.141847975283098104e-07 2.695288780515757420e-07 4.856371559732896164e-07 -3.132804405887535614e-06 -1.304030980157592458e-06 -1.383293901249775150e-06 -9.085581443011680385e-07 -7.155676323573121476e-07 -1.051997936906744297e-06 -8.928232717978344983e-07 -5.778226727261930829e-07 -5.337596521808978004e-07 -5.362697859863960570e-07 -6.587501949070988146e-07 -5.963426976868889752e-07 -4.309831992761169872e-07 -3.121314258308121711e-07 -2.295217752284732275e-07 -1.902232437972752972e-07 -6.471900194947509947e-08 9.201667120877682017e-08 1.367724228357117672e-07 7.075943889919554482e-08 -1.784463377975215132e-06 6.817805542343294999e-07 -6.086359949173471666e-07 -5.151968597275143706e-07 -5.565562684973188417e-07 3.680445309639804836e-07 -6.659002991532825495e-07 -3.087397890937754670e-07 -2.765275912201092388e-07 -3.831148056678808803e-07 -5.316042334796168670e-07 -5.377337207115937351e-07 -3.355192351447577789e-07 -4.955250371567243229e-07 -3.706286718975563192e-07 -1.359017121342187058e-07 -1.261831808959797025e-07 2.439478851991826577e-08 9.536849896981893989e-08 1.833628476291707525e-07
-4.303193904658910803e-06 -1.153940727630014754e-06 8.967995673513260800e-08 4.334769754111007967e-07 6.086028345470445760e-07 2.605496349739135424e-06 2.976883681345517257e-06 3.361967021015938058e-06 3.085457738794978269e-06 3.295873378909307931e-06 2.703650969745056918e-06 2.836666977973493532e-06 2.679456913732042095e-06 2.324220225850644813e-06 2.119501921990001389e-06 1.714930552918282350e-06 1.293440486412292529e-06 1.321855514404864582e-06 1.258666615839873438e-06 8.958467984368417808e-07 3.453854808166284901e-06 3.989174410285646604e-06 2.597147423268878600e-06 2.792456283284866361e-06 2.534237535938608768e-06 2.970669433874959378e-06 3.696497857526094547e-06 3.108788563625411338e-06 3.246420173502178062e-06 3.497684498895966333e-06 3.232842923064056600e-06 3.190386935792820849e-06 2.984262432558524681e-06 2.867925492054776600e-06 2.679377810644739773e-06 2.404295739209537638e-06 2.033519700461549508e-06 1.584840550311556485e-06 1.372695056322218813e-06 1.248329508440200135e-06 1.865714577127680081e-06 2.497316755341395047e-06 2.326930981269969892e-06 2.216915918205522212e-06 2.489608518152928028e-06 2.183603041574575123e-06 1.896875422640127143e-06 1.955896933132185397e-06 1.930164365159203626e-06 1.685550358215573198e-06 1.590720770300793079e-06 1.489982775250231333e-06 1.393243204184323557e-06 1.196192653596584583e-06 8.885840184935799655e-07 5.446163613018372232e-07 3.819393140389406892e-07 2.967724567119058790e-07 2.545913994675773256e-07 4.587228057582570436e-07 -2.959182198652857405e-06 -1.231760672872570847e-06 -1.306630787543123763e-06 -8.582052176651618120e-07 -6.759103746229685945e-07 -9.936954768269451487e-07 -8.433423827807269350e-07 -5.457993368165447942e-07 -5.041783196309625674e-07 -5.065493400685959915e-07 -6.222417992213993309e-07 -5.632929690647960951e-07 -4.070978094960348078e-07 -2.948328843073748429e-07 -2.168015182125234880e-07 -1.796809388281699928e-07 -6.113222968007453907e-08 8.691704305209034961e-08 1.291923996791612621e-07 6.683790139711673726e-08 -1.685567171805672150e-06 6.439957999568561725e-07 -5.749049631805967385e-07 -4.866442900943251321e-07 -5.257115315564484567e-07 3.476472461202384793e-07 -6.289956396986584940e-07 -2.916292144460601289e-07 -2.612022390663981239e-07 -3.618823156792511675e-07 -5.021423557388386113e-07 -5.079321425093271157e-07 -3.169245249017413837e-07 -4.680626936636192372e-07 -3.500881721592457607e-07 -1.283699443726018652e-07 -1.191900209202467334e-07 2.304281230975602754e-08 9.008311017865145317e-08 1.732007506050530348e-07
-3.732685626593977636e-06 -1.000953724930358843e-06 7.779037917310229557e-08 3.760075217211712071e-07 5.279155676342156990e-07 2.260065195826965282e-06 2.582214786410222380e-06 2.916244597493652515e-06 2.676394326686996099e-06 2.858913509616444790e-06 2.345206685473349129e-06 2.460587714778963585e-06 2.324220225850644813e-06 2.016080061063242915e-06 1.838502873687603769e-06 1.487568714613228526e-06 1.121958902957819573e-06 1.146606727089636316e-06 1.091795278045128744e-06 7.770773388889349252e-07 2.995950097630257223e-06 3.460298167630447420e-06 2.252823152237138280e-06 2.422238379782158548e-06 2.198253723712406946e-06 2.576824410627170165e-06 3.206424048561846597e-06 2.696632000477817826e-06 2.816016704800761491e-06 3.033968941361099859e-06 2.804239497293525078e-06 2.767412234343875981e-06 2.588615278511027919e-06 2.487702041673126509e-06 2.324151610082093725e-06 2.085539333496508732e-06 1.763919991867103766e-06 1.374725767339118031e-06 1.190706070875208106e-06 1.082828642316828610e-06 1.618362114203486788e-06 2.166227821531089366e-06 2.018431430305509857e-06 1.923001929867498703e-06 2.159541526003337631e-06 1.894105603432798998e-06 1.645391721219544681e-06 1.696588285621407034e-06 1.674267286675923952e-06 1.462083683516999628e-06 1.379826400292532098e-06 1.292444033959929591e-06 1.208529989080466220e-06 1.037603980588273129e-06 7.707774428340586350e-07 4.724122846610174246e-07 3.313026136704665053e-07 2.574269968030455253e-07 2.208382142431940819e-07 3.979063136780560287e-07 -2.566860128572294567e-06 -1.068456467661689190e-06 -1.133400462072363513e-06 -7.444261986843052939e-07 -5.862996174746826529e-07 -8.619534480069845010e-07 -7.315338467771542792e-07 -4.734384238028257483e-07 -4.373354323841394706e-07 -4.393921079846353942e-07 -5.397463074357544551e-07 -4.886127875653493654e-07 -3.531256494109088438e-07 -2.557445687748098221e-07 -1.880584349172579491e-07 -1.558592228462416373e-07 -5.302744893773107084e-08 7.539376669857585645e-08 1.120643466299512552e-07 5.797667485692779317e-08 -1.462098267997151865e-06 5.586162091100064663e-07 -4.986852882456501236e-07 -4.221260271196400913e-07 -4.560138169583605957e-07 3.015569150423517410e-07 -5.456047381345152345e-07 -2.529656346369046791e-07 -2.265726028152546654e-07 -3.139047294131995863e-07 -4.355693922463321564e-07 -4.405915814244327724e-07 -2.749073467349650610e-07 -4.060079391475938057e-07 -3.036742283085555241e-07 -1.113509306953389680e-07 -1.033880619325019684e-07 1.998784535640086210e-08 7.814008339217209243e-08 1.502381641689033570e-07
-3.403909092502140275e-06 -9.127892960472309776e-07 7.093856956234761790e-08 3.428886196354491877e-07 4.814165403967466602e-07 2.060997694237337089e-06 2.354772212166078900e-06 2.659380535731533774e-06 2.440656378566747769e-06 2.607099194405090787e-06 2.138639885342767444e-06 2.243858104620990222e-06 2.119501921990001389e-06 1.838502873687603769e-06 1.676566760337374583e-06 1.356543030925994499e-06 1.023136286641067479e-06 1.045613119963149559e-06 9.956294866117219706e-07 7.086320370984548125e-07 2.732065541590166716e-06 3.155513636521681688e-06 2.054393532920327571e-06 2.208886595325644687e-06 2.004630602818584166e-06 2.349856622969600866e-06 2.924000857601395420e-06 2.459111509461477972e-06 2.567980758362398064e-06 2.766735669430512354e-06 2.557240892290487356e-06 2.523657390290437317e-06 2.360608946206363432e-06 2.268584190095360883e-06 2.119439349927463701e-06 1.901844143927369240e-06 1.608553170399593403e-06 1.253639338336812621e-06 1.085828174832921560e-06 9.874526359636898129e-07 1.475816092373388059e-06 1.975425555692757566e-06 1.840647133329122683e-06 1.753623103788684535e-06 1.969328191912664258e-06 1.727271978049564301e-06 1.500464920132470961e-06 1.547152069414685806e-06 1.526797113529051852e-06 1.333302732184224973e-06 1.258290705375050244e-06 1.178605014952921180e-06 1.102082154758429977e-06 9.462113816329221102e-07 7.028870385616829709e-07 4.308020101426724877e-07 3.021213388580105913e-07 2.347527176760875804e-07 2.013866906118937051e-07 3.628585567032195751e-07 -2.340769999106825478e-06 -9.743463685515321562e-07 -1.033570068373158874e-06 -6.788568231797524038e-07 -5.346580983498619631e-07 -7.860322225051104875e-07 -6.671000350999235826e-07 -4.317377665133907152e-07 -3.988147419004850159e-07 -4.006902646412638436e-07 -4.922052236157594097e-07 -4.455755658759158734e-07 -3.220221923490327157e-07 -2.332184786225786174e-07 -1.714941681602822852e-07 -1.421310763533924440e-07 -4.835676873116153303e-08 6.875305173166748998e-08 1.021936714201877726e-07 5.287006473101067233e-08 -1.333316032057175925e-06 5.094130563424116675e-07 -4.547608764216622971e-07 -3.849449875063491915e-07 -4.158479264345542149e-07 2.749956539887335338e-07 -4.975476412523344213e-07 -2.306843141828823579e-07 -2.066159918049300058e-07 -2.862558676295512159e-07 -3.972042553274993198e-07 -4.017840879514435134e-07 -2.506933909675788569e-07 -3.702465875631799021e-07 -2.769264734038908753e-07 -1.015430934638602340e-07 -9.428159756098803239e-08 1.822730745483706562e-08 7.125747168539199756e-08 1.370051229098556281e-07
