5.376520808144419320e-06 2.542804514060856030e-06 4.227767659543161773e-07 -1.175118902171372914e-06 -2.372762311867956506e-06 -3.251495885027013489e-06 -3.867595426419549144e-06 -4.260948541634093043e-06 -4.460433928930816298e-06 -4.487848165337001120e-06 -4.361440809482282336e-06 -4.099740018515792251e-06 -3.726105981113693617e-06 -3.274088429988043157e-06 -2.792806910951065156e-06 -2.349472732423816209e-06 -2.021276971336150136e-06 -1.857936097733952145e-06 -1.772492181914536903e-06 -1.267683056298340146e-06 -5.398774865917827611e-06 -4.466725314776390476e-06 -4.091003178109800642e-06 -4.033436611325334482e-06 -4.138348901623980459e-06 -4.307678854077687337e-06 -4.481580688246860804e-06 -4.624478160276452831e-06 -4.715546003053533444e-06 -4.742485913840491261e-06 -4.697669301326757633e-06 -4.575997924592000208e-06 -4.374105207106437434e-06 -4.090770749449607159e-06 -3.728659503919579342e-06 -3.297741990761062339e-06 -2.821010376383217737e-06 -2.343353316198658807e-06 -1.944588688862416789e-06 -1.757398001147656850e-06 -2.673247167638001077e-06 -3.426053004919016237e-06 -3.503684520609954542e-06 -3.367878141031384462e-06 -3.194565110327170864e-06 -3.037383449435984715e-06 -2.901541388407357923e-06 -2.775807250033772053e-06 -2.645463116578646694e-06 -2.496993431547397556e-06 -2.319515842813424015e-06 -2.105266844341110323e-06 -1.850245680459384495e-06 -1.555623080564752711e-06 -1.230351128097986748e-06 -8.953470915183679273e-07 -5.894739996724741190e-07 -3.770052982794375481e-07 -3.547377540508091299e-07 -6.531268913854313023e-07 3.964082288806388917e-06 2.278908773866471360e-06 1.578152879967001447e-06 1.289282876359617597e-06 1.160321111869818302e-06 1.085764884687783485e-06 1.024754198569903033e-06 9.634110353076691188e-07 8.980218074909674351e-07 8.278536739716942017e-07 7.522939703778644915e-07 6.698560137213925837e-07 5.779786418565050370e-07 4.732505403298146509e-07 3.521322530516484535e-07 2.126992597919633425e-07 5.865644327887041568e-08 -9.171470623804683404e-08 -1.861598186633953529e-07 -9.728896484208765818e-08 1.679648850115047978e-06 7.756862368713038136e-07 3.920591182380911758e-07 2.777934481214872509e-07 2.947310158925444729e-07 3.672056243279292012e-07 4.542391460273077025e-07 5.340472219205463795e-07 5.953520423962005509e-07 6.325090687801220540e-07 6.428086856257567778e-07 6.250558703451121001e-07 5.789457234488494581e-07 5.049889576510865914e-07 4.048732338069968497e-07 2.821997334269518374e-07 1.434919465478876858e-07 -8.448650848648646656e-10 -1.365255605967375500e-07 -2.486510821778533084e-07
2.542804514060856030e-06 1.202609462039784238e-06 1.999506199771799393e-07 -5.557678944482457494e-07 -1.122188666743693866e-06 -1.537782277597186072e-06 -1.829164149046586036e-06 -2.015198968343165083e-06 -2.109544803021028316e-06 -2.122510259041877791e-06 -2.062726393871864658e-06 -1.938956027058655583e-06 -1.762247268585397159e-06 -1.548467333483886055e-06 -1.320847119071722148e-06 -1.111173951121012317e-06 -9.559550479364126293e-07 -8.787036198200841166e-07 -8.382932536004415052e-07 -5.995457495618596948e-07 -2.553329483754393468e-06 -2.112520289380830152e-06 -1.934823972517113845e-06 -1.907598089627051197e-06 -1.957215947507885628e-06 -2.037299887072066065e-06 -2.119546080234564247e-06 -2.187128881434609470e-06 -2.230199061940293108e-06 -2.242940187512373971e-06 -2.221744345689868604e-06 -2.164200343344620057e-06 -2.068715971257630796e-06 -1.934714046290204715e-06 -1.763454947221687028e-06 -1.559654192654250504e-06 -1.334185837877459904e-06 -1.108279797121426752e-06 -9.196856243057275491e-07 -8.311545197687166606e-07 -1.264301805504649731e-06 -1.620338385582572089e-06 -1.657053907678808991e-06 -1.592824810953740910e-06 -1.510857090089969083e-06 -1.436518637565755415e-06 -1.372272665438264189e-06 -1.312807195846182636e-06 -1.251161447088180149e-06 -1.180943289515579007e-06 -1.097005957199527451e-06 -9.956777302868449055e-07 -8.750664670109365805e-07 -7.357258592666930859e-07 -5.818897599481569324e-07 -4.234509094646118771e-07 -2.787894254994971313e-07 -1.783031831361346926e-07 -1.677718350762825816e-07 -3.088938119896510766e-07 1.874797233708542902e-06 1.077801002563310061e-06 7.463812398864689865e-07 6.097613000850751219e-07 5.487693373293148561e-07 5.135082609204513659e-07 4.846534952453160554e-07 4.556414858035047803e-07 4.247159059356855090e-07 3.915301612835390524e-07 3.557944946255687003e-07 3.168057850499468849e-07 2.733527409244254303e-07 2.238219944037958083e-07 1.665395735565243572e-07 1.005952840575111214e-07 2.774133572073768880e-08 -4.337611205272331440e-08 -8.804355904602256159e-08 -4.601243588493581715e-08 7.943833624971521876e-07 3.668577756870923410e-07 1.854228284812691290e-07 1.313813261523741019e-07 1.393918826669540641e-07 1.736684656209577722e-07 2.148306297320965889e-07 2.525755474737759635e-07 2.815694228444516346e-07 2.991426933272869055e-07 3.040138568813280859e-07 2.956177322416670507e-07 2.738101183858412878e-07 2.388325548970101431e-07 1.914832143841661322e-07 1.334652615754460253e-07 6.786395560129431645e-08 -3.995756416142711364e-10 -6.456923057829410383e-08 -1.175985580173316352e-07
4.227767659543161773e-07 1.999506199771799393e-07 3.324458329260677094e-08 -9.240417489303139637e-08 -1.865795395174960124e-07 -2.556777819409051300e-07 -3.041240878161295874e-07 -3.350549748828264055e-07 -3.507412876315275287e-07 -3.528969757842372353e-07 -3.429570731951614387e-07 -3.223785210048865204e-07 -2.929982218076755566e-07 -2.574543217208372904e-07 -2.196092818906541166e-07 -1.847481892020811286e-07 -1.589408785966105427e-07 -1.460967496972892522e-07 -1.393779618994470911e-07 -9.968285475340048904e-08 -4.245266891687022919e-07 -3.512360037976276002e-07 -3.216915092247202615e-07 -3.171648259288307555e-07 -3.254144878168928394e-07 -3.387295613062639911e-07 -3.524041396566714889e-07 -3.636407242889122163e-07 -3.708017433615824119e-07 -3.729201334439484828e-07 -3.693960286974584201e-07 -3.598285345872881128e-07 -3.439529240923046463e-07 -3.216732324541508685e-07 -2.931990152486732350e-07 -2.593142933053929307e-07 -2.218270301947334781e-07 -1.842669956768405759e-07 -1.529105803409574134e-07 -1.381910476928314279e-07 -2.102078337385970881e-07 -2.694038879592152434e-07 -2.755083563154483859e-07 -2.648293718935489968e-07 -2.512010934522428222e-07 -2.388412874308023300e-07 -2.281594972375504444e-07 -2.182725323603544789e-07 -2.080230656197441564e-07 -1.963483161823973357e-07 -1.823925623274772411e-07 -1.655453293462777561e-07 -1.454920222424534308e-07 -1.223247000269752751e-07 -9.674729987793608279e-08 -7.040462806083329879e-08 -4.635263585666197578e-08 -2.964539456683184595e-08 -2.789441085995890148e-08 -5.135791058028607941e-08 3.117112255010046094e-07 1.791994703825394281e-07 1.240963058793051900e-07 1.013813327090458800e-07 9.124056702277366581e-08 8.537792057638994567e-08 8.058041276678591592e-08 7.575676098473960421e-08 7.061495139242517138e-08 6.509735783686944044e-08 5.915580413294337039e-08 5.267338660852688089e-08 4.544871111158126750e-08 3.721353270384243908e-08 2.768953017123409366e-08 1.672537099447373704e-08 4.612384528347481595e-09 -7.211884465328391173e-09 -1.463847140067427777e-08 -7.650210124114923602e-09 1.320773292116405003e-07 6.099522913088195088e-08 3.082913504594191331e-08 2.184398048310236999e-08 2.317584738753848059e-08 2.887480804657705847e-08 3.571859274428331720e-08 4.199421250419734135e-08 4.681484924363779168e-08 4.973665090825278776e-08 5.054654988492369668e-08 4.915057689444146571e-08 4.552475650275802777e-08 3.970924803917037167e-08 3.183675884804462033e-08 2.219046385362973004e-08 1.128333047834751877e-08 -6.643503131352372108e-11 -1.073553642566657939e-08 -1.955240277596447861e-08
-1.175118902171372914e-06 -5.557678944482457494e-07 -9.240417489303139637e-08 2.568397823642087807e-07 5.186026321728662064e-07 7.106629754021863619e-07 8.453207294673753094e-07 9.312939261518191918e-07 9.748944361627272196e-07 9.808862268651277005e-07 9.532580117909170000e-07 8.960593963383232472e-07 8.143960985453132671e-07 7.156009134441345314e-07 6.104096512008298996e-07 5.135123468368596949e-07 4.417802627942535568e-07 4.060796759432983803e-07 3.874046323346440387e-07 2.770710603708579301e-07 1.179982858784342980e-06 9.762695124791413618e-07 8.941498294134107994e-07 8.815677966871423735e-07 9.044979442303780717e-07 9.415075336902959747e-07 9.795163761642072979e-07 1.010748752350701016e-06 1.030652989169650929e-06 1.036541108925573639e-06 1.026745769081189336e-06 1.000152672958945717e-06 9.560260049902021900e-07 8.940990286592155808e-07 8.149542090824800947e-07 7.207707523343567694e-07 6.165739396912332702e-07 5.121748570487529957e-07 4.250188935880877602e-07 3.841055737491953460e-07 5.842780840927638451e-07 7.488150403552245067e-07 7.657825672649026852e-07 7.361000552142673814e-07 6.982199045293454423e-07 6.638655055827019443e-07 6.341751948183788962e-07 6.066941214768205830e-07 5.782054648760235472e-07 5.457551983364870503e-07 5.069648213110388093e-07 4.601375036347600695e-07 4.043988204184317373e-07 3.400046520524129308e-07 2.689116100407697150e-07 1.956914757315925782e-07 1.288383443628400981e-07 8.240013719575350031e-08 7.753323291662185688e-08 1.427506342802260553e-07 -8.664093739361607079e-07 -4.980895400679984361e-07 -3.449288761156039083e-07 -2.817920235630877209e-07 -2.536055043405129113e-07 -2.373101276531436741e-07 -2.239753312206697664e-07 -2.105678669439130026e-07 -1.962760748449411536e-07 -1.809397815484142649e-07 -1.644250801078334259e-07 -1.464070337577369168e-07 -1.263258622691586071e-07 -1.034359719322493599e-07 -7.696376176920212722e-08 -4.648859914775609791e-08 -1.282024150761774701e-08 2.004561848698950986e-08 4.068800801528951646e-08 2.126395593697707958e-08 -3.671123358791222706e-07 -1.695378092317364497e-07 -8.569037432391666370e-08 -6.071590596142146322e-08 -6.441786430117673682e-08 -8.025827212976330059e-08 -9.928074783869295118e-08 -1.167239944799050698e-07 -1.301230783681392843e-07 -1.382443012946987603e-07 -1.404954363451004746e-07 -1.366152934892519877e-07 -1.265372323911498471e-07 -1.103728769401743497e-07 -8.849109061554140073e-08 -6.167896540740517710e-08 -3.136230746886710246e-08 1.846578794050963850e-10 2.983969980061128791e-08 5.434640674503535016e-08
-2.372762311867956506e-06 -1.122188666743693866e-06 -1.865795395174960124e-07 5.186026321728662064e-07 1.047145763872535613e-06 1.434947834945421858e-06 1.706844443242910494e-06 1.880438758291984556e-06 1.968475506523115860e-06 1.980573937697175396e-06 1.924787933956500877e-06 1.809294328342496026e-06 1.644402422588906412e-06 1.444918360704665586e-06 1.232519545463471566e-06 1.036867623354488741e-06 8.920285051567122698e-07 8.199430278190651808e-07 7.822349800928075437e-07 5.594529783688119094e-07 2.382583456704016497e-06 1.971252016417987552e-06 1.805438592192690811e-06 1.780033356174092994e-06 1.826333172980398749e-06 1.901061746306838147e-06 1.977807979197125505e-06 2.040871389196284314e-06 2.081061384339100289e-06 2.092950486470640172e-06 2.073172051138056051e-06 2.019476126310238421e-06 1.930376976844530911e-06 1.805336016942861906e-06 1.645529341444520969e-06 1.455357133202054528e-06 1.244966278625949098e-06 1.034167006969317976e-06 8.581844872669426947e-07 7.755736270486749375e-07 1.179755525184760164e-06 1.511983258061529244e-06 1.546243542959081104e-06 1.486309568801083363e-06 1.409823186234194522e-06 1.340455888238349552e-06 1.280506167168370975e-06 1.225017267284247084e-06 1.167493887672860738e-06 1.101971352623166422e-06 1.023647070289641748e-06 9.290948557496201341e-07 8.165490983760708229e-07 6.865264636276708706e-07 5.429776785561564895e-07 3.951339370950144976e-07 2.601462432973700673e-07 1.663797081891547237e-07 1.565526115203375316e-07 2.882374918737970144e-07 -1.749425956238281443e-06 -1.005726387708668702e-06 -6.964692985618577428e-07 -5.689853954863821334e-07 -5.120720819565876431e-07 -4.791689811809669263e-07 -4.522437888851569025e-07 -4.251718680141530087e-07 -3.963143408321528021e-07 -3.653477904086064731e-07 -3.320018361417189862e-07 -2.956203761600938694e-07 -2.550731202201096729e-07 -2.088545894707096201e-07 -1.554027536856988293e-07 -9.386828497568155708e-08 -2.588621953243368876e-08 4.047546846206366631e-08 8.215591782692728480e-08 4.293549627637775793e-08 -7.412614274063986226e-07 -3.423252944348080027e-07 -1.730232492303111471e-07 -1.225956055425362407e-07 -1.300704808189409078e-07 -1.620549231003459447e-07 -2.004644945549199832e-07 -2.356853374418890028e-07 -2.627403369017843464e-07 -2.791384491700934624e-07 -2.836838686988308336e-07 -2.758492089754538466e-07 -2.554999119757260772e-07 -2.228613650688202360e-07 -1.786783655344761296e-07 -1.245401842173377036e-07 -6.332576306775335279e-08 3.728552540787685898e-10 6.025136260978873736e-08 1.097345174788626432e-07
-3.251495885027013489e-06 -1.537782277597186072e-06 -2.556777819409051300e-07 7.106629754021863619e-07 1.434947834945421858e-06 1.966369306026429726e-06 2.338960651822082381e-06 2.576844235113571549e-06 2.697484689984641762e-06 2.714063678525119921e-06 2.637617773809907439e-06 2.479352033696547690e-06 2.253393727485092914e-06 1.980032336375312338e-06 1.688973316140930216e-06 1.420863267168445708e-06 1.222384138241173990e-06 1.123602380051055209e-06 1.071929457988412573e-06 7.666419210781567043e-07 3.264954212420777172e-06 2.701289458145682424e-06 2.474068356455833047e-06 2.439254494165691057e-06 2.502701078372725073e-06 2.605104782043141118e-06 2.710273369383709288e-06 2.796691809647374241e-06 2.851765848531296915e-06 2.868057984690074103e-06 2.840954763783997501e-06 2.767372982015506634e-06 2.645276674097042645e-06 2.473927793281403045e-06 2.254937991739233670e-06 1.994337024902362153e-06 1.706029597529673582e-06 1.417162499072333204e-06 1.176006258606557632e-06 1.062801126042404027e-06 1.616668562329053674e-06 2.071934182883457615e-06 2.118882490687852122e-06 2.036752447837235006e-06 1.931939944312153382e-06 1.836883021475507854e-06 1.754731399969813744e-06 1.678692629151733842e-06 1.599865925286893533e-06 1.510077642648967371e-06 1.402746587856268827e-06 1.273177715761767956e-06 1.118951535942999511e-06 9.407760567851360387e-07 7.440651255527494710e-07 5.414686351316506937e-07 3.564893269569543995e-07 2.279971043973398271e-07 2.145306209570887074e-07 3.949839451050389385e-07 -2.397311888096429868e-06 -1.378189123597222632e-06 -9.544011412330428309e-07 -7.797045927486874012e-07 -7.017138880667273201e-07 -6.566253866852566051e-07 -6.197286644491107146e-07 -5.826308738817323008e-07 -5.430861919660534920e-07 -5.006514268941251313e-07 -4.549560647675551658e-07 -4.051010216265496811e-07 -3.495374132623366696e-07 -2.862022187542271016e-07 -2.129549224562344696e-07 -1.286316546779155655e-07 -3.547297420716028494e-08 5.546523496714427307e-08 1.125817058913809955e-07 5.883631443654010719e-08 -1.015781677282171241e-06 -4.691027333956495127e-07 -2.371010278073178144e-07 -1.679979089983685160e-07 -1.782410446385271732e-07 -2.220706696889186247e-07 -2.747049191902435415e-07 -3.229695199643541987e-07 -3.600441224111555204e-07 -3.825151446015927900e-07 -3.887439239527684559e-07 -3.780077605689643742e-07 -3.501222639362576157e-07 -3.053962918360351382e-07 -2.448504712725867830e-07 -1.706626468558451445e-07 -8.677795369604391081e-08 5.109392197794161959e-10 8.256497358084332090e-08 1.503738196798376421e-07
-3.867595426419549144e-06 -1.829164149046586036e-06 -3.041240878161295874e-07 8.453207294673753094e-07 1.706844443242910494e-06 2.338960651822082381e-06 2.782151304948435265e-06 3.065109515966074100e-06 3.208609150595520089e-06 3.228329556993414780e-06 3.137398538809886119e-06 2.949144309290463232e-06 2.680370999230540064e-06 2.355212578798742764e-06 2.009003149268033033e-06 1.690091105135309860e-06 1.454003778433226770e-06 1.336504667347434623e-06 1.275040663053438551e-06 9.119066708087627894e-07 3.883603862941049582e-06 3.213134853366970991e-06 2.942859470971901233e-06 2.901449012730390787e-06 2.976917574763963412e-06 3.098724924355868046e-06 3.223821052963764758e-06 3.326614221443903994e-06 3.392123792556321930e-06 3.411502993244982284e-06 3.379264203185215869e-06 3.291740007338585472e-06 3.146508661894566997e-06 2.942692273623427719e-06 2.682207873573207942e-06 2.372227746549174642e-06 2.029291286858673444e-06 1.685689108556235415e-06 1.398838131142121958e-06 1.264182677641924400e-06 1.922997955031448157e-06 2.464528159627614196e-06 2.520372320888456254e-06 2.422680123409925521e-06 2.298007550047028462e-06 2.184939063106756186e-06 2.087221198209094454e-06 1.996774458417472024e-06 1.903011522794119336e-06 1.796209987883480955e-06 1.668541643432976523e-06 1.514421818331347015e-06 1.330972572570953859e-06 1.119036069294296808e-06 8.850519817041666399e-07 6.440671281266003837e-07 4.240375935443157938e-07 2.711984235516650313e-07 2.551802855606839444e-07 4.698262441702912090e-07 -2.851559042962139449e-06 -1.639330984766570189e-06 -1.135242860309462632e-06 -9.274444820181855901e-07 -8.346759522715516032e-07 -7.810439970443842665e-07 -7.371560146460289695e-07 -6.930288651117550568e-07 -6.459911826651650497e-07 -5.955157986829353275e-07 -5.411619935979754954e-07 -4.818603233347513998e-07 -4.157684181982907855e-07 -3.404323521928060801e-07 -2.533060207512516775e-07 -1.530050219703574332e-07 -4.219445992132077867e-08 6.597489176352766995e-08 1.339138987716720995e-07 6.998472969626854445e-08 -1.208253895503443009e-06 -5.579891995424899688e-07 -2.820273754519416273e-07 -1.998304680261773021e-07 -2.120144922276237659e-07 -2.641490368743469441e-07 -3.267565227339387812e-07 -3.841663906262873325e-07 -4.282659583113870045e-07 -4.549948319510303568e-07 -4.624038521013306127e-07 -4.496333803342568983e-07 -4.164640874753184286e-07 -3.632633542578591982e-07 -2.912451980060433835e-07 -2.030001254129951148e-07 -1.032208031922754418e-07 6.077529418681166499e-10 9.820953969962275714e-08 1.788669331937801789e-07
-4.260948541634093043e-06 -2.015198968343165083e-06 -3.350549748828264055e-07 9.312939261518191918e-07 1.880438758291984556e-06 2.576844235113571549e-06 3.065109515966074100e-06 3.376845942259026920e-06 3.534940182086333085e-06 3.556666248961773869e-06 3.456487107505632709e-06 3.249086514556379037e-06 2.952977662087753042e-06 2.594749061475943048e-06 2.213328462573098006e-06 1.861981524867451335e-06 1.601882977967264451e-06 1.472433640375148278e-06 1.404718450293349834e-06 1.004651978991015169e-06 4.278585113387225023e-06 3.539926170665219487e-06 3.242162477857774809e-06 3.196540376216209973e-06 3.279684455128793647e-06 3.413880199869452958e-06 3.551699208319709098e-06 3.664946937990047431e-06 3.737119148554724182e-06 3.758469307454054803e-06 3.722951676899718621e-06 3.626525848049350769e-06 3.466523774062484164e-06 3.241978275732268995e-06 2.955001355413609599e-06 2.613494753881257705e-06 2.235680001642772457e-06 1.857131823997562034e-06 1.541106718183820516e-06 1.392756155377951727e-06 2.118576125125385898e-06 2.715182564300169552e-06 2.776706346197762678e-06 2.669078380891026484e-06 2.531726005297752449e-06 2.407157907703600512e-06 2.299501664477367723e-06 2.199856054862132090e-06 2.096556976299120543e-06 1.978893209992762902e-06 1.838240378938296482e-06 1.668445824027564550e-06 1.466338904868686850e-06 1.232847436659017886e-06 9.750660384361631353e-07 7.095718625477029900e-07 4.671642627014226476e-07 2.987806117031484917e-07 2.811333517942831859e-07 5.176098400168247637e-07 -3.141576355813746257e-06 -1.806058855350132811e-06 -1.250702536514839368e-06 -1.021770060567160479e-06 -9.195665237563327204e-07 -8.604799399194756818e-07 -8.121283379607734938e-07 -7.635132444144979558e-07 -7.116916027160046034e-07 -6.560826286494984449e-07 -5.962007793415351972e-07 -5.308678430942524255e-07 -4.580540723256468489e-07 -3.750559649264738863e-07 -2.790684652107917860e-07 -1.685663709223150594e-07 -4.648584007485763399e-08 7.268485657108012067e-08 1.475335883836041923e-07 7.710251436821908857e-08 -1.331139146251185257e-06 -6.147393933183936293e-07 -3.107109202591354462e-07 -2.201541907651002195e-07 -2.335773890132295257e-07 -2.910142683889150525e-07 -3.599892376285923297e-07 -4.232379660763264600e-07 -4.718226725662900745e-07 -5.012700016163698797e-07 -5.094325548629448613e-07 -4.953632645022759180e-07 -4.588204945246084997e-07 -4.002089900564038154e-07 -3.208662398410759261e-07 -2.236462176010984491e-07 -1.137188568959475195e-07 6.695643483382965677e-10 1.081979237277825923e-07 1.970585632955303719e-07
-4.460433928930816298e-06 -2.109544803021028316e-06 -3.507412876315275287e-07 9.748944361627272196e-07 1.968475506523115860e-06 2.697484689984641762e-06 3.208609150595520089e-06 3.534940182086333085e-06 3.700435940695941861e-06 3.723179159696721535e-06 3.618309918222435431e-06 3.401199424483301506e-06 3.091227604992305362e-06 2.716227768953557790e-06 2.316950151794890151e-06 1.949154158378082317e-06 1.676878543659141743e-06 1.541368759433477623e-06 1.470483338407242914e-06 1.051686902592928093e-06 4.478896194379232713e-06 3.705655358956740231e-06 3.393951224249517397e-06 3.346193226685640167e-06 3.433229872856720838e-06 3.573708277397560883e-06 3.717979576460790841e-06 3.836529239959482820e-06 3.912080346381707622e-06 3.934430058473306293e-06 3.897249594346172039e-06 3.796309384806699065e-06 3.628816472715200235e-06 3.393758398308917663e-06 3.093346041834290323e-06 2.735851080901348012e-06 2.340348125803739231e-06 1.944077408425847028e-06 1.613256913742056931e-06 1.457961003160252015e-06 2.217761781724784841e-06 2.842299622891308616e-06 2.906703771763503504e-06 2.794036973874447620e-06 2.650254154079930038e-06 2.519854135506076318e-06 2.407157735806454251e-06 2.302847004603317470e-06 2.194711759517010188e-06 2.071539313215326127e-06 1.924301520102969932e-06 1.746557671222531450e-06 1.534988685894627785e-06 1.290565816962521719e-06 1.020715833174760019e-06 7.427919815968057916e-07 4.890355533226516899e-07 3.127686628283790892e-07 2.942952088354388291e-07 5.418428478542655938e-07 -3.288655948523727917e-06 -1.890613349899843531e-06 -1.309256841372502367e-06 -1.069606403641669103e-06 -9.626179904295921758e-07 -9.007651422397242920e-07 -8.501498569840044545e-07 -7.992587442204618923e-07 -7.450109619188690876e-07 -6.867985352125486395e-07 -6.241131895036027727e-07 -5.557215526024220819e-07 -4.794988499679696439e-07 -3.926150092778076211e-07 -2.921336501856676251e-07 -1.764581648409867899e-07 -4.866217375280206858e-08 7.608775304401618967e-08 1.544406877607517385e-07 8.071223290624131413e-08 -1.393459262427455926e-06 -6.435197282049639214e-07 -3.252575142063706015e-07 -2.304611784183540976e-07 -2.445128123012075565e-07 -3.046387215995543511e-07 -3.768429010298995415e-07 -4.430527535013428874e-07 -4.939120565737687370e-07 -5.247380250941474025e-07 -5.332827256677348724e-07 -5.185547514930830483e-07 -4.803011538556442347e-07 -4.189456268876044934e-07 -3.358882767184780869e-07 -2.341166919332039866e-07 -1.190428475494767085e-07 7.009114303420419471e-10 1.132634401283304623e-07 2.062842799252996410e-07
-4.487848165337001120e-06 -2.122510259041877791e-06 -3.528969757842372353e-07 9.808862268651277005e-07 1.980573937697175396e-06 2.714063678525119921e-06 3.228329556993414780e-06 3.556666248961773869e-06 3.723179159696721535e-06 3.746062160609364365e-06 3.640548383149718985e-06 3.422103508384778948e-06 3.110226573635003694e-06 2.732921954178040328e-06 2.331190340129632802e-06 1.961133838772694250e-06 1.687184793130109680e-06 1.550842153330458003e-06 1.479521063999137242e-06 1.058150666843748858e-06 4.506423901563746111e-06 3.728430656981306714e-06 3.414810760046954815e-06 3.366759237445746792e-06 3.454330818834376467e-06 3.595672616545792796e-06 3.740830620257530990e-06 3.860108900871240507e-06 3.936124351329317329e-06 3.958611426803189927e-06 3.921202448130271364e-06 3.819641850796404739e-06 3.651119511890924308e-06 3.414616748980422076e-06 3.112358030584296938e-06 2.752665872802530471e-06 2.354732120234732871e-06 1.956025886649194087e-06 1.623172138834929821e-06 1.466921765330136762e-06 2.231392349231336579e-06 2.859768657303803867e-06 2.924568639987428845e-06 2.811209381615453202e-06 2.666542859410856662e-06 2.535341390351800421e-06 2.421952348233813492e-06 2.317000513700716545e-06 2.208200659471023424e-06 2.084271184006831078e-06 1.936128453901208923e-06 1.757292175008221920e-06 1.544422867273931546e-06 1.298497752950739041e-06 1.026989246389715231e-06 7.473572493058591138e-07 4.920412107280580635e-07 3.146909677430667813e-07 2.961039742059766818e-07 5.451730637397047649e-07 -3.308868329890185447e-06 -1.902233233111355963e-06 -1.317303654112625938e-06 -1.076180302790990365e-06 -9.685343289695083340e-07 -9.063013274964195988e-07 -8.553749560509085799e-07 -8.041710618363899960e-07 -7.495898676846896313e-07 -6.910196620597860152e-07 -6.279490464614416212e-07 -5.591370682813432320e-07 -4.824458939190650129e-07 -3.950280571678675871e-07 -2.939291304183074918e-07 -1.775426929213998044e-07 -4.896125593999589454e-08 7.655539535927049675e-08 1.553898944057702365e-07 8.120829769926765292e-08 -1.402023590977375969e-06 -6.474748595312300642e-07 -3.272565767481351809e-07 -2.318776139778251104e-07 -2.460156104924976578e-07 -3.065110591491007611e-07 -3.791590120947489246e-07 -4.457757963977115706e-07 -4.969476854158315881e-07 -5.279631131686374708e-07 -5.365603302563750233e-07 -5.217418366003810310e-07 -4.832531288400866491e-07 -4.215205051707107132e-07 -3.379526769025726310e-07 -2.355555946143225611e-07 -1.197744958189465457e-07 7.052192963383441444e-10 1.139595676292259029e-07 2.075521220471326690e-07
-4.361440809482282336e-06 -2.062726393871864658e-06 -3.429570731951614387e-07 9.532580117909170000e-07 1.924787933956500877e-06 2.637617773809907439e-06 3.137398538809886119e-06 3.456487107505632709e-06 3.618309918222435431e-06 3.640548383149718985e-06 3.538006568448960019e-06 3.325714539770107632e-06 3.022622113145694470e-06 2.655944876242736353e-06 2.265528669762555679e-06 1.905895396226620556e-06 1.639662559605113956e-06 1.507160226329297694e-06 1.437848008507642623e-06 1.028346176369953676e-06 4.379493330659637395e-06 3.623413498763501895e-06 3.318627203246662324e-06 3.271929127930887786e-06 3.357034116947508723e-06 3.494394798929910389e-06 3.635464197422765792e-06 3.751382816232466197e-06 3.825257171060185288e-06 3.847110862416138598e-06 3.810755566912760555e-06 3.712055584754594366e-06 3.548279944596194372e-06 3.318438656809284398e-06 3.024693534232108279e-06 2.675132676109285851e-06 2.288407358322316987e-06 1.900931317669688470e-06 1.577452923164502847e-06 1.425603589052844006e-06 2.168541647436347812e-06 2.779218740950109878e-06 2.842193529427358832e-06 2.732027214217571945e-06 2.591435453876316192e-06 2.463929482119532272e-06 2.353734222070141379e-06 2.251738522282845216e-06 2.146003188371993997e-06 2.025564382985922529e-06 1.881594327648219044e-06 1.707795255967446753e-06 1.500921749637746684e-06 1.261923505898093545e-06 9.980624667071840260e-07 7.263067479780104481e-07 4.781820902479831581e-07 3.058271979188092249e-07 2.877637365110945224e-07 5.298174004169512343e-07 -3.215668809531316467e-06 -1.848653819468576360e-06 -1.280199709050431010e-06 -1.045867979047630365e-06 -9.412540246746399050e-07 -8.807739143140171646e-07 -8.312819648276588623e-07 -7.815203094408961425e-07 -7.284764811219793244e-07 -6.715559981597307213e-07 -6.102618664031291904e-07 -5.433880866407184218e-07 -4.688570407434370992e-07 -3.839014659028827631e-07 -2.856501506453665605e-07 -1.725419216081316079e-07 -4.758218457334320954e-08 7.439909132507388354e-08 1.510130917701350773e-07 7.892093729681150721e-08 -1.362533374630433092e-06 -6.292377040035758797e-07 -3.180388766324512916e-07 -2.253464135037919046e-07 -2.390861909409327453e-07 -2.978776894137951814e-07 -3.684793976332856234e-07 -4.332198146330221564e-07 -4.829503663004642098e-07 -5.130921953778031300e-07 -5.214472582215170160e-07 -5.070461509234823173e-07 -4.696415386136138372e-07 -4.096477121228706298e-07 -3.284337041750114326e-07 -2.289207979868509491e-07 -1.164008573272868690e-07 6.853556772354546394e-10 1.107497158054452782e-07 2.017060876040213828e-07
-4.099740018515792251e-06 -1.938956027058655583e-06 -3.223785210048865204e-07 8.960593963383232472e-07 1.809294328342496026e-06 2.479352033696547690e-06 2.949144309290463232e-06 3.249086514556379037e-06 3.401199424483301506e-06 3.422103508384778948e-06 3.325714539770107632e-06 3.126160730924561327e-06 2.841254846603121033e-06 2.496579449715572844e-06 2.129589499489945915e-06 1.791535405003650204e-06 1.541277414073875445e-06 1.416725656522438301e-06 1.351572399700123598e-06 9.666420241186411145e-07 4.116709329057620445e-06 3.405996773409014131e-06 3.119498657898902757e-06 3.075602620666548027e-06 3.155601030478328867e-06 3.284719619837499792e-06 3.417324390520553885e-06 3.526287511008624202e-06 3.595729161614261463e-06 3.616271559623998438e-06 3.582097701403540472e-06 3.489320042745217317e-06 3.335371479564983105e-06 3.119321424867794293e-06 2.843201975612576993e-06 2.514615918491932135e-06 2.151095391500606155e-06 1.786869187484278304e-06 1.482800560393229682e-06 1.340062685677823448e-06 2.038422017440673942e-06 2.612456477160068436e-06 2.671652571238986303e-06 2.568096597218648285e-06 2.435940804827407662e-06 2.316085610673555775e-06 2.212502428599173649e-06 2.116626806207284026e-06 2.017235940036867816e-06 1.904023859031433758e-06 1.768692480452899557e-06 1.605321924603228935e-06 1.410861508947324017e-06 1.186203945766785030e-06 9.381754366222244887e-07 6.827259546729863778e-07 4.494895923532883227e-07 2.874765603450029707e-07 2.704969660226133966e-07 4.980266141117751222e-07 -3.022718106380421253e-06 -1.737728511087381913e-06 -1.203383516629528560e-06 -9.831124610160147994e-07 -8.847756879235824751e-07 -8.279245830706589258e-07 -7.814023133054821894e-07 -7.346265208808408746e-07 -6.847654966932494341e-07 -6.312604298891265908e-07 -5.736441476008549462e-07 -5.107830145355386453e-07 -4.407240764840115211e-07 -3.608661155063918353e-07 -2.685102022592590555e-07 -1.621888389154683839e-07 -4.472709702711658379e-08 6.993490118757867095e-08 1.419518096643186180e-07 7.418542153112948578e-08 -1.280776891524257076e-06 -5.914813725441055372e-07 -2.989554981782825939e-07 -2.118248876522455379e-07 -2.247402332605315959e-07 -2.800040484918829240e-07 -3.463694220477329188e-07 -4.072252011316008453e-07 -4.539717561623639326e-07 -4.823049763750436059e-07 -4.901587079728947487e-07 -4.766217144701211919e-07 -4.414615019021925029e-07 -3.850675022878336383e-07 -3.087266018853767433e-07 -2.151847973121220150e-07 -1.094164231087827252e-07 6.442320828406970615e-10 1.041043686617706705e-07 1.896030590465859215e-07
-3.726105981113693617e-06 -1.762247268585397159e-06 -2.929982218076755566e-07 8.143960985453132671e-07 1.644402422588906412e-06 2.253393727485092914e-06 2.680370999230540064e-06 2.952977662087753042e-06 3.091227604992305362e-06 3.110226573635003694e-06 3.022622113145694470e-06 2.841254846603121033e-06 2.582314154064054035e-06 2.269051105167023030e-06 1.935507162778360466e-06 1.628261977055248328e-06 1.400811506387960802e-06 1.287610901794832014e-06 1.228395454269320255e-06 8.785461057036150173e-07 3.741528776027447971e-06 3.095587742572945641e-06 2.835199928477725027e-06 2.795304401897997993e-06 2.868012074075506922e-06 2.985363307546731628e-06 3.105883005609247781e-06 3.204915659664808377e-06 3.268028673780699705e-06 3.286698919148651118e-06 3.255639530763560647e-06 3.171317259770958438e-06 3.031398957766677712e-06 2.835038847761805717e-06 2.584083829461851975e-06 2.285443801748327913e-06 1.955053093127162644e-06 1.624021020084907483e-06 1.347664001113944560e-06 1.217934689912138616e-06 1.852648323287887561e-06 2.374367560133580208e-06 2.428168757089936643e-06 2.334050463628751079e-06 2.213938825758090898e-06 2.105006758410588970e-06 2.010863736529442862e-06 1.923725837925143276e-06 1.833393060911704459e-06 1.730498679740336406e-06 1.607500866006676346e-06 1.459019254358115252e-06 1.282281189360608862e-06 1.078098025040720085e-06 8.526738500353900037e-07 6.205050202401684925e-07 4.085248944937438426e-07 2.612770873503575387e-07 2.458449458789955513e-07 4.526384446854500593e-07 -2.747239572396646588e-06 -1.579358829943217472e-06 -1.093711917984060786e-06 -8.935154923373257647e-07 -8.041407425414148220e-07 -7.524708217979798145e-07 -7.101884070975068070e-07 -6.676755747867676044e-07 -6.223586864936658567e-07 -5.737298591684382267e-07 -5.213644962248667682e-07 -4.642322773923528839e-07 -4.005582329589757367e-07 -3.279782096661874070e-07 -2.440392478814980049e-07 -1.474075917066554913e-07 -4.065084688246302690e-08 6.356131179702712544e-08 1.290148850003457224e-07 6.742445658265278384e-08 -1.164051967790004693e-06 -5.375761072654072788e-07 -2.717098803382650731e-07 -1.925200079188211385e-07 -2.042583001768280586e-07 -2.544855905763905035e-07 -3.148026873260571202e-07 -3.701123121816900422e-07 -4.125985716786142429e-07 -4.383496146281369032e-07 -4.454875882919910897e-07 -4.331843026618836747e-07 -4.012284523506687779e-07 -3.499739780881622404e-07 -2.805904844255130977e-07 -1.955737087445139037e-07 -9.944464447413871656e-08 5.855193271418917096e-10 9.461670959104365184e-08 1.723233885954310534e-07
-3.274088429988043157e-06 -1.548467333483886055e-06 -2.574543217208372904e-07 7.156009134441345314e-07 1.444918360704665586e-06 1.980032336375312338e-06 2.355212578798742764e-06 2.594749061475943048e-06 2.716227768953557790e-06 2.732921954178040328e-06 2.655944876242736353e-06 2.496579449715572844e-06 2.269051105167023030e-06 1.993790302297966760e-06 1.700708900909347011e-06 1.430735928362575429e-06 1.230877696154021852e-06 1.131409567323387606e-06 1.079377603497738326e-06 7.719688206602007239e-07 3.287640270606948496e-06 2.720058973991280275e-06 2.491259059614119649e-06 2.456203298279085693e-06 2.520090731823472899e-06 2.623205972694352501e-06 2.729105308626336856e-06 2.816124214818963950e-06 2.871580927630109202e-06 2.887986267320950921e-06 2.860694723637124639e-06 2.786601669589135288e-06 2.663656993281547572e-06 2.491117519756971622e-06 2.270606099516118892e-06 2.008194384867059830e-06 1.717883695381843019e-06 1.427009446019064614e-06 1.184177566586484519e-06 1.070185844668473149e-06 1.627901748060487788e-06 2.086330715383667353e-06 2.133605236657929595e-06 2.050904525182357648e-06 1.945363747262320529e-06 1.849646335260385434e-06 1.766923895193598846e-06 1.690356780065935238e-06 1.610982360345326308e-06 1.520570196920156017e-06 1.412493367946322787e-06 1.282024205440314614e-06 1.126726407503322986e-06 9.473129020135291501e-07 7.492351535636706721e-07 5.452309509754234727e-07 3.589663410551393626e-07 2.295813090262928345e-07 2.160212556898004690e-07 3.977284334433953662e-07 -2.413969260128435154e-06 -1.387765269728317451e-06 -9.610326583736485508e-07 -7.851222563997825672e-07 -7.065896446804542387e-07 -6.611878524228126920e-07 -6.240347586932032521e-07 -5.866791995383854332e-07 -5.468597471675867359e-07 -5.041301303192150569e-07 -4.581172606330909955e-07 -4.079158069956477852e-07 -3.519661230020772021e-07 -2.881908531316923009e-07 -2.144346086777119163e-07 -1.295254329708868150e-07 -3.571945299508286710e-08 5.585062706329908170e-08 1.133639634559232593e-07 5.924512998675193540e-08 -1.022839688125816314e-06 -4.723622253250065423e-07 -2.387484897203746964e-07 -1.691652179683360718e-07 -1.794795265426380167e-07 -2.236136953506076215e-07 -2.766136662584472196e-07 -3.252136265721582716e-07 -3.625458364871248992e-07 -3.851729952980929294e-07 -3.914450544141889795e-07 -3.806342923648677463e-07 -3.525550374256116341e-07 -3.075182934310579706e-07 -2.465517790633882289e-07 -1.718484713681917020e-07 -8.738091765165959343e-08 5.144894064330044726e-10 8.313866425854686738e-08 1.514186702354612973e-07
-2.792806910951065156e-06 -1.320847119071722148e-06 -2.196092818906541166e-07 6.104096512008298996e-07 1.232519545463471566e-06 1.688973316140930216e-06 2.009003149268033033e-06 2.213328462573098006e-06 2.316950151794890151e-06 2.331190340129632802e-06 2.265528669762555679e-06 2.129589499489945915e-06 1.935507162778360466e-06 1.700708900909347011e-06 1.450709616903340821e-06 1.220421889610226770e-06 1.049942238843876276e-06 9.650956369399132116e-07 9.207122211373170643e-07 6.584916392702398055e-07 2.804366670238545444e-06 2.320218180785377971e-06 2.125051191328138307e-06 2.095148525404881127e-06 2.149644691205248094e-06 2.237602290239806907e-06 2.327934730422876295e-06 2.402162109369711391e-06 2.449466845973347073e-06 2.463460648231537494e-06 2.440180882446167247e-06 2.376979292805702947e-06 2.272107127927210057e-06 2.124930457420160132e-06 1.936833577460648246e-06 1.712995625048016880e-06 1.465359766318250116e-06 1.217243189381127809e-06 1.010106893101854007e-06 9.128716242410807796e-07 1.388604904709080643e-06 1.779646141223578643e-06 1.819971444754596779e-06 1.749427498404805879e-06 1.659400909244137512e-06 1.577753679655311018e-06 1.507191198754298711e-06 1.441879227849192080e-06 1.374172617997711419e-06 1.297050780806290670e-06 1.204860932753561005e-06 1.093570359360554764e-06 9.611008880532400858e-07 8.080606483759985794e-07 6.390997554112317530e-07 4.650835799062840059e-07 3.061993283123606309e-07 1.958335213554889693e-07 1.842667565961268393e-07 3.392635053557523464e-07 -2.059122768573096894e-06 -1.183767793373030087e-06 -8.197636402769371032e-07 -6.697115580420699227e-07 -6.027230128531491675e-07 -5.639951525958227854e-07 -5.323034560671359490e-07 -5.004390559445047472e-07 -4.664729477744026419e-07 -4.300244608785067999e-07 -3.907753498053011417e-07 -3.479533644935138628e-07 -3.002281220438641828e-07 -2.458276321821927747e-07 -1.829133421006555337e-07 -1.104855693669650459e-07 -3.046879683100785239e-08 4.764074660130725460e-08 9.669978907492816517e-08 5.053626742384574356e-08 -8.724852156187009817e-07 -4.029263459340102062e-07 -2.036531530312474984e-07 -1.442984207473704958e-07 -1.530965558264824041e-07 -1.907431296108162048e-07 -2.359522582573996579e-07 -2.774081651268959195e-07 -3.092526482803260470e-07 -3.285536802633533122e-07 -3.339037648502228081e-07 -3.246821535194310909e-07 -3.007304677523494010e-07 -2.623139947204396980e-07 -2.103093814353772243e-07 -1.465872436668470652e-07 -7.453617576959949749e-08 4.388609533990056626e-10 7.091752134176716296e-08 1.291605641458379847e-07
