1.838565588831691334e-09 -5.234396350327923877e-09 -2.826042231443515473e-09 5.977162290965992822e-10 2.465073872105915111e-09 2.478048763401222746e-09 1.062876483178591005e-09 -1.241333491250748919e-09 -3.985464805107225571e-09 -6.846386268759743693e-09 -9.601934931661894349e-09 -1.208828163459141031e-08 -1.415560017148396857e-08 -1.562759745745288832e-08 -1.626984996960775104e-08 -1.578008229376454491e-08 -1.383535844080367768e-08 -1.027983608747516611e-08 -5.640880052236999621e-09 -2.380161231245382531e-09 8.617648174621998717e-08 7.416639894488487174e-08 6.522967480433781918e-08 5.900876215848374168e-08 5.481375603085816994e-08 5.197949039036893356e-08 4.997090459003034673e-08 4.838991385058404745e-08 4.695050222701866835e-08 4.544926689454737057e-08 4.374134021322181404e-08 4.172455448488401215e-08 3.933217878015481396e-08 3.653374469037253530e-08 3.334276625715500836e-08 2.982803247032130184e-08 2.611918702548909797e-08 2.238267660458858804e-08 1.871078741239528459e-08 1.479350657447388115e-08 2.141890310020300531e-08 3.039849810743691644e-08 2.945352124627155684e-08 2.585640808739825354e-08 2.227618260122266135e-08 1.944753634296888219e-08 1.736664402969885939e-08 1.580214818014770078e-08 1.449691207222131377e-08 1.323668692196426987e-08 1.186664209077633370e-08 1.029205029223293445e-08 8.478925363706719793e-09 6.461026672371842617e-09 4.354537938189404275e-09 2.376412922269751596e-09 8.520599778348839732e-10 1.747493650718856975e-10 6.271650964467534541e-10 1.862730622173783613e-09 2.194298247722443158e-08 2.911530181842931264e-08 2.950112073905524100e-08 2.765347656587952029e-08 2.538518019371823148e-08 2.330784027215535991e-08 2.153866628200774933e-08 2.001446276600090321e-08 1.862433351919857480e-08 1.726176107750098936e-08 1.584332322204231732e-08 1.431589685097755542e-08 1.266219236365131776e-08 1.090846867434206143e-08 9.134127272058016070e-09 7.477283116190464660e-09 6.119048904965729764e-09 5.204336715398990763e-09 4.602813554856914263e-09 3.298233044637648893e-09 2.819900804915471406e-08 3.607771039632849684e-08 4.084542249316197265e-08 4.210475911982160309e-08 4.071764449830060894e-08 3.771593904028184505e-08 3.394008755871282785e-08 2.997152486857394714e-08 2.616802071250891452e-08 2.272311393135924681e-08 1.972057958089890414e-08 1.717584057719052759e-08 1.506421295067857528e-08 1.333823596566141916e-08 1.193641386304994599e-08 1.078489742952151094e-08 9.792465771048664190e-09 8.837681819158266250e-09 7.745052547906938816e-09 6.243899337770433790e-09
-5.234396350327923877e-09 1.490232674796051751e-08 8.045742415716825698e-09 -1.701698142900149215e-09 -7.018065473334129536e-09 -7.055004989691126868e-09 -3.026009416359581307e-09 3.534076529884165258e-09 1.134661855793244101e-08 1.949166215000439144e-08 2.733670937152421002e-08 3.441533859558912840e-08 4.030099460384278297e-08 4.449177097220963193e-08 4.632026391585739341e-08 4.492589531105210190e-08 3.938926637588177089e-08 2.926669400597333426e-08 1.605958587358827679e-08 6.776319179311781689e-09 -2.453444491056491926e-07 -2.111517425933989112e-07 -1.857088883872065298e-07 -1.679979496820721626e-07 -1.560547669653762100e-07 -1.479856125035743034e-07 -1.422671686000887897e-07 -1.377660878626218100e-07 -1.336680828772256046e-07 -1.293940657885752841e-07 -1.245315984163674533e-07 -1.187898093173377990e-07 -1.119787155312275107e-07 -1.040115734966060117e-07 -9.492685769083337263e-08 -8.492041037237397463e-08 -7.436132715103712651e-08 -6.372348174104434195e-08 -5.326961297336087231e-08 -4.211711417441681827e-08 -6.097961851171874045e-08 -8.654452607814162116e-08 -8.385417689327981543e-08 -7.361319549729513917e-08 -6.342029330657318476e-08 -5.536713722635910892e-08 -4.944283667588081027e-08 -4.498871689101223676e-08 -4.127270960731911422e-08 -3.768484852302205372e-08 -3.378433080001127566e-08 -2.930146784770875590e-08 -2.413950105891610409e-08 -1.839454335416178997e-08 -1.239736979169019372e-08 -6.765647743415708711e-09 -2.425814812009784650e-09 -4.975114536629870719e-10 -1.785539070150881892e-09 -5.303194201815929720e-09 -6.247167253199781605e-08 -8.289126616033586879e-08 -8.398969265231385758e-08 -7.872944957177123817e-08 -7.227160965350763528e-08 -6.635742276244937409e-08 -6.132058429806350581e-08 -5.698117678940182047e-08 -5.302347873383773850e-08 -4.914423490418932269e-08 -4.510594223794953621e-08 -4.075735926072951041e-08 -3.604926247834500055e-08 -3.105641102144528499e-08 -2.600486093437272993e-08 -2.128782551544801226e-08 -1.742093262823640840e-08 -1.481674696537349331e-08 -1.310421048840182801e-08 -9.390069691423282618e-09 -8.028257773994237896e-08 -1.027132438319649286e-07 -1.162869204800401885e-07 -1.198722519375979352e-07 -1.159231365204047894e-07 -1.073772808872658004e-07 -9.662743147500507601e-08 -8.532893323948078255e-08 -7.450035666114126335e-08 -6.469270683238094611e-08 -5.614449134240715031e-08 -4.889961923424783054e-08 -4.288781524498171174e-08 -3.797395865699634721e-08 -3.398297104018730082e-08 -3.070460367944821169e-08 -2.787915068358246770e-08 -2.516088071079212897e-08 -2.205016510486496709e-08 -1.777638181850711314e-08
-2.826042231443515473e-09 8.045742415716825698e-09 4.343883483089249399e-09 -9.187441101405219395e-10 -3.789042342854941567e-09 -3.808985928752374609e-09 -1.633737652067975169e-09 1.908042275396342206e-09 6.126021241549453267e-09 1.052351727119223786e-08 1.475904573939749392e-08 1.858078635456593770e-08 2.175844263541522258e-08 2.402103610501334028e-08 2.500823652561605868e-08 2.425541914236003901e-08 2.126620202095438562e-08 1.580104136180553109e-08 8.670544769772905499e-09 3.658523904724188434e-09 -1.324610763148212306e-07 -1.140004886665589047e-07 -1.002639323068832878e-07 -9.070182478018030012e-08 -8.425371950188692092e-08 -7.989719589249985935e-08 -7.680981716001654976e-08 -7.437969085702427867e-08 -7.216718450895795033e-08 -6.985964950739461482e-08 -6.723441113735512780e-08 -6.413442837107430925e-08 -6.045712971166646931e-08 -5.615568244882427748e-08 -5.125085889143977567e-08 -4.584839396214388855e-08 -4.014756179131388808e-08 -3.440420604059322124e-08 -2.876017898528796904e-08 -2.273896269165279704e-08 -3.292279866438386277e-08 -4.672525143835745746e-08 -4.527273620930477911e-08 -3.974364670604869530e-08 -3.424051508894279019e-08 -2.989262898022934368e-08 -2.669410857273921294e-08 -2.428933641306924326e-08 -2.228307001419202469e-08 -2.034598954374943103e-08 -1.824010625330433326e-08 -1.581981570343284705e-08 -1.303287807660926870e-08 -9.931184585157217338e-09 -6.693320154852944006e-09 -3.652762413523669356e-09 -1.309693543548987093e-09 -2.686056394239945193e-10 -9.640096928889720553e-10 -2.863186081607919403e-09 -3.372835624747356333e-08 -4.475286224213006507e-08 -4.534590095122049033e-08 -4.250590411140520710e-08 -3.901932665118454176e-08 -3.582626659226614742e-08 -3.310688554798931485e-08 -3.076404636307495355e-08 -2.862729150238785615e-08 -2.653289395299970286e-08 -2.435262619069941252e-08 -2.200483318496146002e-08 -1.946293924987409812e-08 -1.676730672070215427e-08 -1.403998289482777843e-08 -1.149326300414526033e-08 -9.405533708857195463e-09 -7.999538027748854410e-09 -7.074942318349388352e-09 -5.069683632669029408e-09 -4.334443552942080176e-08 -5.545471633601134419e-08 -6.278312268434149566e-08 -6.471883741334674760e-08 -6.258671630541167076e-08 -5.797282249479925447e-08 -5.216899596209814183e-08 -4.606895480578002638e-08 -4.022262360182171777e-08 -3.492748911978158206e-08 -3.031232122623219037e-08 -2.640082634339192477e-08 -2.315506296902263344e-08 -2.050207964344133485e-08 -1.834735180179367673e-08 -1.657736649851142182e-08 -1.505190893762668959e-08 -1.358431931975431573e-08 -1.190484893119464307e-08 -9.597440159115681254e-09
5.977162290965992822e-10 -1.701698142900149215e-09 -9.187441101405219395e-10 1.943170766904653378e-10 8.013935799897001375e-10 8.056117069605729600e-10 3.455403100003955614e-10 -4.035565431816836314e-10 -1.295671478339615773e-09 -2.225754799480490014e-09 -3.121581505847082860e-09 -3.929890866431900914e-09 -4.601974499302523550e-09 -5.080519661005924296e-09 -5.289315448344118301e-09 -5.130092361543919152e-09 -4.497864164145415990e-09 -3.341966639243609208e-09 -1.833845675177585024e-09 -7.737885471281624261e-10 2.801590654097564814e-08 2.411143805382552652e-08 2.120611605377730326e-08 1.918370223791662185e-08 1.781990904017989214e-08 1.689849150621648036e-08 1.624550183987650992e-08 1.573152299204058856e-08 1.526357140359493282e-08 1.477552097593435858e-08 1.422027535307676963e-08 1.356461989658369176e-08 1.278686043371801171e-08 1.187709170875077896e-08 1.083970712599932135e-08 9.697069932033558389e-09 8.491327190489111869e-09 7.276590586950269389e-09 6.082862294116842225e-09 4.809357369964207580e-09 6.963268577529533250e-09 9.882527862670999879e-09 9.575316627200082195e-09 8.405897964077082774e-09 7.241969470086155287e-09 6.322378792874568874e-09 5.645882335963170458e-09 5.137265963878658348e-09 4.712934730198694529e-09 4.303236523509755802e-09 3.857836024791999606e-09 3.345937467618498034e-09 2.756491977208561554e-09 2.100474697319147479e-09 1.415656864070090218e-09 7.725699748237461574e-10 2.770040296681637663e-10 5.681088135352578822e-11 2.038908803396923916e-10 6.055722624592204157e-10 7.133646371437660410e-09 9.465361756813578745e-09 9.590791184923994025e-09 8.990123515186597072e-09 8.252702145898773704e-09 7.577360568741663319e-09 7.002203493883771081e-09 6.506686127792792119e-09 6.054756201331164715e-09 5.611784970568626126e-09 5.150651937663679801e-09 4.654086823924292791e-09 4.116468793754987363e-09 3.546334599566464212e-09 2.969497603081005617e-09 2.430858869134511982e-09 1.989297993691867636e-09 1.691925779190699090e-09 1.496371072076907088e-09 1.072252972696684370e-09 9.167475371991404361e-09 1.172883531788253720e-08 1.327881477646057043e-08 1.368822412482575004e-08 1.323727425067568770e-08 1.226142216352455635e-08 1.103389581205706694e-08 9.743719198020364152e-09 8.507202983789973015e-09 7.387266494536676358e-09 6.411144935103719776e-09 5.583852283391391841e-09 4.897363800281602166e-09 4.336250037868847284e-09 3.880518773166111815e-09 3.506161684916273789e-09 3.183522932107125779e-09 2.873123419143043403e-09 2.517910501105179677e-09 2.029886771351154648e-09
2.465073872105915111e-09 -7.018065473334129536e-09 -3.789042342854941567e-09 8.013935799897001375e-10 3.305070665877409095e-09 3.322466871767350705e-09 1.425061506576046890e-09 -1.664329395937780114e-09 -5.343548916038632425e-09 -9.179355913099988189e-09 -1.287388334986814414e-08 -1.620747576104935232e-08 -1.897925227072087691e-08 -2.095284628960957395e-08 -2.181395230433346258e-08 -2.115729174870416365e-08 -1.854988519899209744e-08 -1.378278561433811834e-08 -7.563062268172258533e-09 -3.191223254793303893e-09 1.155419174779659815e-07 9.943928752816219634e-08 8.745729171854879292e-08 7.911654536873121329e-08 7.349205198032555275e-08 6.969198402549277457e-08 6.699895397729967103e-08 6.487922597438029147e-08 6.294932148470076350e-08 6.093652628368278165e-08 5.864660773893098224e-08 5.594258356119102130e-08 5.273498363774395700e-08 4.898295716697969329e-08 4.470462322558551818e-08 3.999221128991059474e-08 3.501954234773567657e-08 3.000978133221146538e-08 2.508666182865568673e-08 1.983453119925707738e-08 2.871759306396560423e-08 4.075706838586089681e-08 3.949008189141463572e-08 3.466721904833187434e-08 2.986699850910852236e-08 2.607446479314661508e-08 2.328448911685457325e-08 2.118687679060769187e-08 1.943686936845035073e-08 1.774721080541619772e-08 1.591031048622703871e-08 1.379916192269492798e-08 1.136819785194127444e-08 8.662681458736502710e-09 5.838387143613245908e-09 3.186197674756053790e-09 1.142407321004306287e-09 2.342968326082587216e-10 8.408774221267148353e-10 2.497473364771288342e-09 2.942025735130603204e-08 3.903661105541235857e-08 3.955390135300975837e-08 3.707665528471017456e-08 3.403541587765669883e-08 3.125020310350640088e-08 2.887816666117664599e-08 2.683457665497621926e-08 2.497074796920155263e-08 2.314386632555312523e-08 2.124208261006490448e-08 1.919417153104275804e-08 1.697695189598877619e-08 1.462563058786154913e-08 1.224666588976473820e-08 1.002523671498300015e-08 8.204171594092728020e-09 6.977762738898942687e-09 6.171264980251625760e-09 4.422136556802975235e-09 3.780808168255078847e-08 4.837152495598820984e-08 5.476387918638352295e-08 5.645234645316039601e-08 5.459255965420246196e-08 5.056799521044949313e-08 4.550548730281331504e-08 4.018460005424245839e-08 3.508501656670418851e-08 3.046622583678048550e-08 2.644055004779569733e-08 2.302866761756024091e-08 2.019748328486567753e-08 1.788336362796209167e-08 1.600385763727074985e-08 1.445995129482947048e-08 1.312933934059033857e-08 1.184920389826073157e-08 1.038425106501897974e-08 8.371565970283330773e-09
2.478048763401222746e-09 -7.055004989691126868e-09 -3.808985928752374609e-09 8.056117069605729600e-10 3.322466871767350705e-09 3.339954642410352007e-09 1.432562303345742063e-09 -1.673089576813588869e-09 -5.371674631499456010e-09 -9.227671359740809678e-09 -1.294164490415791961e-08 -1.629278364514586634e-08 -1.907914937233124489e-08 -2.106313138329836013e-08 -2.192876982078701911e-08 -2.126865293899094184e-08 -1.864752233138024223e-08 -1.385533116646787841e-08 -7.602870369624953853e-09 -3.208020225991018541e-09 1.161500711873910417e-07 9.996268520835364282e-08 8.791762228546230459e-08 7.953297450192493698e-08 7.387887664968088420e-08 7.005880707575398820e-08 6.735160229124741381e-08 6.522071712150852199e-08 6.328065459914394920e-08 6.125726507102346015e-08 5.895529356326334906e-08 5.623703678172068595e-08 5.301255368864673894e-08 4.924077846465193326e-08 4.493992555599971568e-08 4.020270988795150350e-08 3.520386735329225032e-08 3.016773751153227077e-08 2.521870521845920806e-08 1.993893005282323603e-08 2.886874782345746340e-08 4.097159280145993452e-08 3.969793753646521914e-08 3.484968960377955170e-08 3.002420315248975983e-08 2.621170747382351660e-08 2.340704678888891044e-08 2.129839370146212243e-08 1.953917513300794258e-08 1.784062306928416471e-08 1.599405424391695918e-08 1.387179367135743910e-08 1.142803424590154174e-08 8.708277394633128149e-09 5.869117435060288174e-09 3.202968193864272414e-09 1.148420370338333667e-09 2.355300516076268934e-10 8.453033718997543688e-10 2.510618790467253595e-09 2.957511057713940858e-08 3.924207986132221802e-08 3.976209291114841650e-08 3.727180788332246503e-08 3.421456094353090216e-08 3.141468823022509713e-08 2.903016659816695061e-08 2.697582017671963536e-08 2.510218124758283375e-08 2.326568383095333987e-08 2.135389009618948353e-08 1.929519985799752634e-08 1.706630990990823071e-08 1.470261244595114686e-08 1.231112609132206707e-08 1.007800444663540306e-08 8.247354167972539194e-09 7.014490122222476684e-09 6.203747370811751083e-09 4.445412427667043505e-09 3.800708413658115548e-08 4.862612798642641868e-08 5.505212830840503689e-08 5.674948280549577725e-08 5.487990703760592612e-08 5.083415933976895451e-08 4.574500497316597169e-08 4.039611128859090026e-08 3.526968619514748066e-08 3.062658450711632261e-08 2.657971961449319073e-08 2.314987877573066964e-08 2.030379253304899823e-08 1.797749253082902401e-08 1.608809377944030509e-08 1.453606110164251258e-08 1.319844548489336412e-08 1.191157206266163325e-08 1.043890846505734220e-08 8.415629622762486894e-09
1.062876483178591005e-09 -3.026009416359581307e-09 -1.633737652067975169e-09 3.455403100003955614e-10 1.425061506576046890e-09 1.432562303345742063e-09 6.144498871057174832e-10 -7.176160500593266669e-10 -2.304000924207550830e-09 -3.957902292974820468e-09 -5.550887547264283027e-09 -6.988246897197340424e-09 -8.183365673187562809e-09 -9.034328678294855758e-09 -9.405615455105223735e-09 -9.122480304509063893e-09 -7.998233629740157171e-09 -5.942782838251082376e-09 -3.260998023880008204e-09 -1.375973429629822958e-09 4.981870454201743767e-08 4.287566446332306328e-08 3.770933589536714328e-08 3.411302048766487497e-08 3.168788352930560605e-08 3.004939191679186318e-08 2.888822659062967463e-08 2.797425436832325865e-08 2.714212916506970851e-08 2.627426361798608508e-08 2.528690960918636449e-08 2.412100389699331195e-08 2.273796926884045374e-08 2.112019190923865104e-08 1.927548429826233448e-08 1.724361341513945457e-08 1.509952640132715914e-08 1.293944623902490980e-08 1.081672366936129938e-08 8.552139960232641267e-09 1.238228787647066095e-08 1.757340013247760372e-08 1.702710812691536583e-08 1.494761365191641801e-08 1.287788195626842017e-08 1.124263891387061039e-08 1.003967312508564596e-08 9.135236614025358209e-09 8.380678401613658109e-09 7.652141065847694375e-09 6.860116870020463207e-09 5.949843881423336005e-09 4.901674667715837529e-09 3.735125550575238286e-09 2.517362446966911538e-09 1.373806528712017422e-09 4.925766685722923862e-10 1.010227710741194613e-10 3.625647277056211301e-10 1.076846311511371642e-09 1.268525865354743651e-08 1.683158315995670693e-08 1.705462543812706646e-08 1.598650061686446149e-08 1.467519636669541770e-08 1.347428421887246649e-08 1.245152308366921945e-08 1.157037960824322433e-08 1.076674459300079408e-08 9.979040192513304873e-09 9.159039944180956266e-09 8.276033333237489953e-09 7.320025225404426520e-09 6.306195923538469819e-09 5.280447502555443321e-09 4.322624349407810078e-09 3.537427884006352849e-09 3.008631913346920627e-09 2.660890812724177889e-09 1.906711601958953547e-09 1.630187287659178146e-08 2.085655805815022546e-08 2.361277687192151402e-08 2.434080055136638772e-08 2.353890829381320395e-08 2.180361956648293844e-08 1.962079630028389870e-08 1.732656650451743452e-08 1.512775720137887061e-08 1.313625337542445971e-08 1.140048546459995742e-08 9.929369471078254667e-09 8.708635569017151173e-09 7.710846662803612998e-09 6.900451996702801733e-09 6.234759271555699196e-09 5.661033603371620594e-09 5.109072109506457009e-09 4.477422107842083192e-09 3.609604035756866030e-09
-1.241333491250748919e-09 3.534076529884165258e-09 1.908042275396342206e-09 -4.035565431816836314e-10 -1.664329395937780114e-09 -1.673089576813588869e-09 -7.176160500593266669e-10 8.381038162907950459e-10 2.690842780280943377e-09 4.622434261293420225e-09 6.482881809539570851e-09 8.161573857272561565e-09 9.557353128089292578e-09 1.055119285902025974e-08 1.098481870191682452e-08 1.065414514713625085e-08 9.341137406439592655e-09 6.940576337045295824e-09 3.808519734898110947e-09 1.606999428722574513e-09 -5.818326721632906617e-08 -5.007449040436585902e-08 -4.404073504360149278e-08 -3.984059812145283503e-08 -3.700828056158119579e-08 -3.509468613557205368e-08 -3.373856110029640126e-08 -3.267113290183921909e-08 -3.169929384051820072e-08 -3.068571363007286153e-08 -2.953258283995654905e-08 -2.817092150762785699e-08 -2.655567530484099885e-08 -2.466627305571484775e-08 -2.251183895607046093e-08 -2.013881686268967642e-08 -1.763473754536245190e-08 -1.511197982921341868e-08 -1.263285204714305351e-08 -9.988044634078945393e-09 -1.446127455318671687e-08 -2.052397478431122689e-08 -1.988596032709136194e-08 -1.745731863867294132e-08 -1.504007890068603516e-08 -1.313027847985755342e-08 -1.172533468245420046e-08 -1.066904324157896801e-08 -9.787794672259029517e-09 -8.936935885913178989e-09 -8.011930792921498179e-09 -6.948822929675394498e-09 -5.724666059084009211e-09 -4.362253294088902950e-09 -2.940027712055326443e-09 -1.604468705045774586e-09 -5.752803127969545302e-10 -1.179844987615469729e-10 -4.234393613651656796e-10 -1.257648854372383185e-09 -1.481511413700265973e-08 -1.965760670961773661e-08 -1.991809779606057366e-08 -1.867063477053166251e-08 -1.713916247933338473e-08 -1.573661712929950088e-08 -1.454213435470592589e-08 -1.351304685116805266e-08 -1.257448148167288900e-08 -1.165452147784766857e-08 -1.069684315191010750e-08 -9.665579692319788838e-09 -8.549057781315160803e-09 -7.365006495267357787e-09 -6.167034869480755500e-09 -5.048393166973754801e-09 -4.131362180645341377e-09 -3.513781343354666969e-09 -3.107654496708765289e-09 -2.226848563428344568e-09 -1.903895804647827191e-08 -2.435837506948337583e-08 -2.757736314278975297e-08 -2.842762202989571036e-08 -2.749109202718213829e-08 -2.546444824653975166e-08 -2.291512885835367311e-08 -2.023569777940697764e-08 -1.766770829797915585e-08 -1.534183089243321317e-08 -1.331462747336692087e-08 -1.159651104010844688e-08 -1.017081586243177410e-08 -9.005498155168887249e-09 -8.059038189140194059e-09 -7.281575626288260440e-09 -6.611521393290947707e-09 -5.966885540433814711e-09 -5.229181475828190170e-09 -4.215656711435571048e-09
-3.985464805107225571e-09 1.134661855793244101e-08 6.126021241549453267e-09 -1.295671478339615773e-09 -5.343548916038632425e-09 -5.371674631499456010e-09 -2.304000924207550830e-09 2.690842780280943377e-09 8.639305450528829198e-09 1.484093452094364995e-08 2.081414661708396373e-08 2.620380871998275907e-08 3.068514205928812284e-08 3.387599552248732379e-08 3.526820845126917928e-08 3.420653741456027596e-08 2.999095298357287654e-08 2.228363523051554553e-08 1.222775464448225773e-08 5.159483499110315482e-09 -1.868050490631508887e-07 -1.607707522167921051e-07 -1.413985852669390563e-07 -1.279134920201690985e-07 -1.188199631406881617e-07 -1.126761159877168773e-07 -1.083220977988012534e-07 -1.048949788602445703e-07 -1.017747614469362759e-07 -9.852052857208423376e-08 -9.481825016576858564e-08 -9.044645696537455521e-08 -8.526049611104862311e-08 -7.919432113095085759e-08 -7.227722645850788629e-08 -6.465832621810460508e-08 -5.661864948437773269e-08 -4.851900328906399926e-08 -4.055943674836786232e-08 -3.206793391262873528e-08 -4.642982822500528711e-08 -6.589492649663592280e-08 -6.384649697924870298e-08 -5.604902269725288036e-08 -4.828815588011212672e-08 -4.215648988089566099e-08 -3.764573262092442946e-08 -3.425436971062181692e-08 -3.142500501343888256e-08 -2.869321072044768330e-08 -2.572335993607164453e-08 -2.231011200321278461e-08 -1.837979500293888732e-08 -1.400558922891615921e-08 -9.439346521320529625e-09 -5.151358277148266376e-09 -1.847013277159861662e-09 -3.788047858827790302e-10 -1.359507887052612274e-09 -4.037847429085493100e-09 -4.756587685165703651e-08 -6.311333758898440848e-08 -6.394967855970615997e-08 -5.994453407680928063e-08 -5.502754040863899545e-08 -5.052448368010857604e-08 -4.668943927664786889e-08 -4.338541819316501852e-08 -4.037203035357129411e-08 -3.741837749300322084e-08 -3.434362498729872368e-08 -3.103261771007695534e-08 -2.744787693589837546e-08 -2.364632420148316087e-08 -1.980007838137006665e-08 -1.620853173714414277e-08 -1.326428287334998076e-08 -1.128145818628654060e-08 -9.977534409859998416e-09 -7.149590854029813614e-09 -6.112708450627360660e-08 -7.820577405932348082e-08 -8.854075959274045913e-08 -9.127062783014380582e-08 -8.826377480390257505e-08 -8.175696779581861702e-08 -7.357204185109459775e-08 -6.496937517197942693e-08 -5.672450643182815126e-08 -4.925697042628830224e-08 -4.274836662527337974e-08 -3.723212733575854939e-08 -3.265474503399182759e-08 -2.891333892370882548e-08 -2.587460444128570078e-08 -2.337845839884484542e-08 -2.122716095787016323e-08 -1.915747257696317134e-08 -1.678897643407100504e-08 -1.353492157608004757e-08
-6.846386268759743693e-09 1.949166215000439144e-08 1.052351727119223786e-08 -2.225754799480490014e-09 -9.179355913099988189e-09 -9.227671359740809678e-09 -3.957902292974820468e-09 4.622434261293420225e-09 1.484093452094364995e-08 2.549433385775876015e-08 3.575534964266779297e-08 4.501392057955211489e-08 5.271212907975991834e-08 5.819350111648620223e-08 6.058509856995949134e-08 5.876131881951499880e-08 5.151962411777669540e-08 3.827969426922286876e-08 2.100531194967965396e-08 8.863161189363704501e-09 -3.209009702461887957e-07 -2.761782437483115827e-07 -2.428999827957532802e-07 -2.197347657502230865e-07 -2.041135485774437994e-07 -1.935594092631136800e-07 -1.860799076741590709e-07 -1.801926696254693723e-07 -1.748326389393009592e-07 -1.692423912870866138e-07 -1.628824736153401185e-07 -1.553724374211477925e-07 -1.464637924024076651e-07 -1.360430813640328160e-07 -1.241606274217879104e-07 -1.110725846112972106e-07 -9.726171559433347830e-08 -8.334782870657405062e-08 -6.967457609130340594e-08 -5.508754264385217264e-08 -7.975896262167533261e-08 -1.131968646089607459e-07 -1.096779928070092461e-07 -9.628318857066190864e-08 -8.295127005956215196e-08 -7.241805600436310477e-08 -6.466930195018082273e-08 -5.884348699586906593e-08 -5.398309440444944227e-08 -4.929031204374609538e-08 -4.418858699417050439e-08 -3.832517709792659828e-08 -3.157352587068053830e-08 -2.405934526378565869e-08 -1.621527615218652734e-08 -8.849203367430283526e-09 -3.172871159910794177e-09 -6.507255769226542805e-10 -2.335415462271824076e-09 -6.936371175179401069e-09 -8.171051108552950510e-08 -1.084185431247826003e-07 -1.098552421342966282e-07 -1.029750493505176122e-07 -9.452844661293955115e-08 -8.679292083081503506e-08 -8.020493257150562394e-08 -7.452915680034281232e-08 -6.935264210599538434e-08 -6.427874247919084402e-08 -5.899681317751594269e-08 -5.330903625135016084e-08 -4.715102929016735127e-08 -4.062057432102199972e-08 -3.401334383303670227e-08 -2.784364548389347217e-08 -2.278590040807175187e-08 -1.937972713225386603e-08 -1.713979621453601298e-08 -1.228184491494036310e-08 -1.050064804177360312e-07 -1.343449168015106861e-07 -1.520987564422832621e-07 -1.567882301498747522e-07 -1.516229412117673738e-07 -1.404452953581322230e-07 -1.263849116039050284e-07 -1.116069165878314697e-07 -9.744356077097350558e-08 -8.461553732329899898e-08 -7.343480486896556760e-08 -6.395879472366675857e-08 -5.609558958445179346e-08 -4.966845682280488492e-08 -4.444840068074376048e-08 -4.016042403925230727e-08 -3.646484172196955323e-08 -3.290945061840365205e-08 -2.884075593327493486e-08 -2.325081408534012568e-08
-9.601934931661894349e-09 2.733670937152421002e-08 1.475904573939749392e-08 -3.121581505847082860e-09 -1.287388334986814414e-08 -1.294164490415791961e-08 -5.550887547264283027e-09 6.482881809539570851e-09 2.081414661708396373e-08 3.575534964266779297e-08 5.014624171795535524e-08 6.313122272929460916e-08 7.392782318501976758e-08 8.161534994246216924e-08 8.496952281987693764e-08 8.241170416839980674e-08 7.225535619277669348e-08 5.368659014379184783e-08 2.945957628485100370e-08 1.243042587553539346e-08 -4.500579013297860351e-07 -3.873350731191422190e-07 -3.406629042169316828e-07 -3.081740994639827107e-07 -2.862656203104163218e-07 -2.714636277003425092e-07 -2.609737597964367749e-07 -2.527170131783463537e-07 -2.451996655061672497e-07 -2.373594426351077292e-07 -2.284397712555524500e-07 -2.179070791110696990e-07 -2.054128629740779798e-07 -1.907980011470878430e-07 -1.741330709046150187e-07 -1.557773237241535199e-07 -1.364078256495708400e-07 -1.168938468440816974e-07 -9.771735332441524418e-08 -7.725929844551988773e-08 -1.118605260127859352e-07 -1.587565886258826613e-07 -1.538214335310885401e-07 -1.350354589087341209e-07 -1.163376803971824143e-07 -1.015650350907396530e-07 -9.069754539486714571e-08 -8.252694357380776626e-08 -7.571032943999887118e-08 -6.912878567266378775e-08 -6.197370706005600462e-08 -5.375037900182253690e-08 -4.428130828036644657e-08 -3.374280367080536017e-08 -2.274163630274243224e-08 -1.241085027861005369e-08 -4.449895350343570165e-09 -9.126310439845179075e-10 -3.275378634339521235e-09 -9.728137161912300166e-09 -1.145975380115709695e-07 -1.520550777597783450e-07 -1.540700225590053786e-07 -1.444206745915113522e-07 -1.325744645332357438e-07 -1.217255272535680402e-07 -1.124859909327666665e-07 -1.045258163965903682e-07 -9.726584663784054806e-08 -9.014979268560181799e-08 -8.274198081560220910e-08 -7.476497487305768361e-08 -6.612847967269122500e-08 -5.696963276771794848e-08 -4.770310956355459651e-08 -3.905021739958575002e-08 -3.195681991768013861e-08 -2.717972250066661997e-08 -2.403825924121182870e-08 -1.722506897575081906e-08 -1.472697205202508238e-07 -1.884163555617379588e-07 -2.133157997832425134e-07 -2.198927032234555008e-07 -2.126484773881047219e-07 -1.969720279500265062e-07 -1.772525898957750583e-07 -1.565267148144575200e-07 -1.366628602744358750e-07 -1.186717856240835322e-07 -1.029910072834424874e-07 -8.970107165096028804e-08 -7.867306634463258011e-08 -6.965912699737667218e-08 -6.233809113289382936e-08 -5.632428018448736775e-08 -5.114129173595836493e-08 -4.615491897039810699e-08 -4.044864706434601298e-08 -3.260885307834772246e-08
-1.208828163459141031e-08 3.441533859558912840e-08 1.858078635456593770e-08 -3.929890866431900914e-09 -1.620747576104935232e-08 -1.629278364514586634e-08 -6.988246897197340424e-09 8.161573857272561565e-09 2.620380871998275907e-08 4.501392057955211489e-08 6.313122272929460916e-08 7.947856403102566526e-08 9.307086057686099744e-08 1.027490128637497972e-07 1.069717228364656792e-07 1.037515768503363083e-07 9.096532120686101725e-08 6.758831696714179989e-08 3.708790545879828155e-08 1.564918840742207049e-08 -5.665969100882025126e-07 -4.876324911742401991e-07 -4.288749255166388786e-07 -3.879733963331948985e-07 -3.603918861398064131e-07 -3.417570321549394698e-07 -3.285508941801920462e-07 -3.181561269572005015e-07 -3.086922203120100386e-07 -2.988218324352064812e-07 -2.875924812167842092e-07 -2.743324299959497754e-07 -2.586029333327942138e-07 -2.402036661983398626e-07 -2.192234813058596283e-07 -1.961146555212662714e-07 -1.717295758979756098e-07 -1.471626033772221474e-07 -1.230205053439121365e-07 -9.726499556050945426e-08 -1.408259430895827851e-07 -1.998653780008990110e-07 -1.936523027071327269e-07 -1.700018454158123213e-07 -1.464624219352859420e-07 -1.278645145110895931e-07 -1.141829725052649619e-07 -1.038966566074778321e-07 -9.531493302465031180e-08 -8.702914945954900620e-08 -7.802131864186251887e-08 -6.766862345604346946e-08 -5.574761019012525892e-08 -4.248024141138627488e-08 -2.863040693522153704e-08 -1.562454386124643724e-08 -5.602161295848490954e-09 -1.148949786337137896e-09 -4.123512570498818068e-09 -1.224716295518336542e-08 -1.442716831528142972e-07 -1.914285627857054713e-07 -1.939652619390078848e-07 -1.818172900300739702e-07 -1.669035956022176186e-07 -1.532454100171229812e-07 -1.416133673076279339e-07 -1.315919672108093655e-07 -1.224520844968577781e-07 -1.134933834731756022e-07 -1.041673760780051266e-07 -9.412478621246457830e-08 -8.325193745220358007e-08 -7.172147805798850850e-08 -6.005546042064388562e-08 -4.916196883001709112e-08 -4.023179099423212460e-08 -3.421770119006972301e-08 -3.026278034387748343e-08 -2.168536721359557682e-08 -1.854040743419447267e-07 -2.372053119297062502e-07 -2.685522744363821063e-07 -2.768322160975830292e-07 -2.677121540740896921e-07 -2.479764094365114657e-07 -2.231507755853962641e-07 -1.970580956318816195e-07 -1.720506497642205019e-07 -1.494009256377547119e-07 -1.296597311618135889e-07 -1.129284696010532404e-07 -9.904484771031576669e-08 -8.769681856387213183e-08 -7.848005714894180388e-08 -7.090901642028479976e-08 -6.438393324480357074e-08 -5.810637786100383793e-08 -5.092251102844912197e-08 -4.105266309317253118e-08
-1.415560017148396857e-08 4.030099460384278297e-08 2.175844263541522258e-08 -4.601974499302523550e-09 -1.897925227072087691e-08 -1.907914937233124489e-08 -8.183365673187562809e-09 9.557353128089292578e-09 3.068514205928812284e-08 5.271212907975991834e-08 7.392782318501976758e-08 9.307086057686099744e-08 1.089876898774376777e-07 1.203209842457535641e-07 1.252658553052475478e-07 1.214950051173252949e-07 1.065220645414305800e-07 7.914716253074162594e-08 4.343061956549885063e-08 1.832548750930689217e-08 -6.634954048932484772e-07 -5.710266177067395243e-07 -5.022204274109559481e-07 -4.543239843080495847e-07 -4.220255284790533055e-07 -4.002037716539214704e-07 -3.847391411439048596e-07 -3.725666775024843724e-07 -3.614842687218839903e-07 -3.499258629413905467e-07 -3.367760860882204056e-07 -3.212483221752418482e-07 -3.028287922211114174e-07 -2.812829119316946973e-07 -2.567147294687786081e-07 -2.296538693624828537e-07 -2.010984925329644891e-07 -1.723301157743951891e-07 -1.440592748566606623e-07 -1.138990990990650508e-07 -1.649097700076600086e-07 -2.340460343848419231e-07 -2.267704089194153895e-07 -1.990752883548286264e-07 -1.715101904252720085e-07 -1.497316987023584460e-07 -1.337103613263648751e-07 -1.216648961818414214e-07 -1.116155399960060517e-07 -1.019127350150736650e-07 -9.136439941850221216e-08 -7.924120290657259331e-08 -6.528147707189251421e-08 -4.974514416399310196e-08 -3.352673320930419440e-08 -1.829662829237140683e-08 -6.560233935422716644e-09 -1.345441336009226015e-09 -4.828709076651350371e-09 -1.434165312069564591e-08 -1.689447950099226792e-07 -2.241663685632564308e-07 -2.271368899371741657e-07 -2.129113913563661719e-07 -1.954471808273600322e-07 -1.794531942497085963e-07 -1.658318582525346279e-07 -1.540966143843659849e-07 -1.433936435880267052e-07 -1.329028398840314595e-07 -1.219819136620144706e-07 -1.102218561848630346e-07 -9.748955026845873177e-08 -8.398717020221559425e-08 -7.032604893952323354e-08 -5.756956988901275072e-08 -4.711216736276090027e-08 -4.006955756621980865e-08 -3.543827250016362817e-08 -2.539396393355473609e-08 -2.171115817684511672e-07 -2.777717839250651042e-07 -3.144796536826016237e-07 -3.241756176865983600e-07 -3.134958572834093371e-07 -2.903849372518452877e-07 -2.613136633170596804e-07 -2.307586550876429237e-07 -2.014744759368479507e-07 -1.749512323179048163e-07 -1.518339304253620186e-07 -1.322413153475575539e-07 -1.159833387088469423e-07 -1.026945878187513689e-07 -9.190159064929681776e-08 -8.303576267832964672e-08 -7.539477024368314082e-08 -6.804363740664453399e-08 -5.963119719050733127e-08 -4.807342369147482594e-08
-1.562759745745288832e-08 4.449177097220963193e-08 2.402103610501334028e-08 -5.080519661005924296e-09 -2.095284628960957395e-08 -2.106313138329836013e-08 -9.034328678294855758e-09 1.055119285902025974e-08 3.387599552248732379e-08 5.819350111648620223e-08 8.161534994246216924e-08 1.027490128637497972e-07 1.203209842457535641e-07 1.328327930076063816e-07 1.382918659865431566e-07 1.341288966955680404e-07 1.175989661211079259e-07 8.737743231980272305e-08 4.794683599955352079e-08 2.023109854317160597e-08 -7.324902495783342637e-07 -6.304059178634078978e-07 -5.544447836481651421e-07 -5.015677368689080532e-07 -4.659106640441419517e-07 -4.418197299017264384e-07 -4.247469800704878503e-07 -4.113087394060752978e-07 -3.990739050518913726e-07 -3.863135762350799371e-07 -3.717963945665381218e-07 -3.546539462841101334e-07 -3.343190261117731500e-07 -3.105326560567777980e-07 -2.834097039289588765e-07 -2.535348682829543714e-07 -2.220101057203220307e-07 -1.902501940217046256e-07 -1.590395553844219066e-07 -1.257431157933111366e-07 -1.820582293410932973e-07 -2.583837610253761006e-07 -2.503515656647071211e-07 -2.197765147678283858e-07 -1.893450071595416778e-07 -1.653018371241391084e-07 -1.476144901936680928e-07 -1.343164542088993705e-07 -1.232220964087146464e-07 -1.125103266064255600e-07 -1.008651020626146041e-07 -8.748125166482734412e-08 -7.206989691349321967e-08 -5.491798857274092018e-08 -3.701307498878709304e-08 -2.019923834510571141e-08 -7.242412467684207018e-09 -1.485349638804158527e-09 -5.330831669085319892e-09 -1.583299748011735849e-08 -1.865128441721300524e-07 -2.474767391680536323e-07 -2.507561559153464509e-07 -2.350513915281555826e-07 -2.157711315071559536e-07 -1.981139795003513613e-07 -1.830762027040439217e-07 -1.701206469511890995e-07 -1.583047071692073875e-07 -1.467229970823784527e-07 -1.346664373609454814e-07 -1.216834877082946529e-07 -1.076271884941121255e-07 -9.272073748980525797e-08 -7.763903828069103881e-08 -6.355605224259995730e-08 -5.201121661916748992e-08 -4.423626750948797745e-08 -3.912338936611981441e-08 -2.803460407154660863e-08 -2.396883468115454760e-07 -3.066564166572127481e-07 -3.471814247912375039e-07 -3.578856422444582657e-07 -3.460953264329608855e-07 -3.205811729707693125e-07 -2.884868667510037877e-07 -2.547545372747589280e-07 -2.224251864809675367e-07 -1.931438724058649004e-07 -1.676226734526169753e-07 -1.459926826457593772e-07 -1.280440890640993608e-07 -1.133734818763426860e-07 -1.014581541558379790e-07 -9.167039602627388351e-08 -8.323484030998238015e-08 -7.511928579856531244e-08 -6.583206182077065075e-08 -5.307243103442286521e-08
-1.626984996960775104e-08 4.632026391585739341e-08 2.500823652561605868e-08 -5.289315448344118301e-09 -2.181395230433346258e-08 -2.192876982078701911e-08 -9.405615455105223735e-09 1.098481870191682452e-08 3.526820845126917928e-08 6.058509856995949134e-08 8.496952281987693764e-08 1.069717228364656792e-07 1.252658553052475478e-07 1.382918659865431566e-07 1.439752922830198773e-07 1.396412360740184062e-07 1.224319695065436365e-07 9.096841139165432977e-08 4.991732288689681880e-08 2.106254265339904598e-08 -7.625936422592271586e-07 -6.563139171913516777e-07 -5.772309832619367931e-07 -5.221808311015252415e-07 -4.850583478283428638e-07 -4.599773406426941426e-07 -4.422029463969281841e-07 -4.282124299364978552e-07 -4.154747765711916001e-07 -4.021900323245080502e-07 -3.870762332666705253e-07 -3.692292761495448835e-07 -3.480586450753428554e-07 -3.232947187475769792e-07 -2.950570857362393539e-07 -2.639544741447577797e-07 -2.311341280475443809e-07 -1.980689688129709083e-07 -1.655756562953731696e-07 -1.309108219761907935e-07 -1.895403362657901407e-07 -2.690026434268694987e-07 -2.606403462919160560e-07 -2.288087424731153198e-07 -1.971265811886449619e-07 -1.720953010872233105e-07 -1.536810514431152390e-07 -1.398365017001571429e-07 -1.282861954288582413e-07 -1.171342005002261524e-07 -1.050103883335747333e-07 -9.107649743444448641e-08 -7.503177716856456411e-08 -5.717497120998653651e-08 -3.853421350408637782e-08 -2.102937308629538152e-08 -7.540056274679860597e-09 -1.546393541396833352e-09 -5.549914611339629734e-09 -1.648369138455354172e-08 -1.941780238675266290e-07 -2.576473721052858019e-07 -2.610615641211434912e-07 -2.447113758671084061e-07 -2.246387486593291654e-07 -2.062559348695956976e-07 -1.906001456148187020e-07 -1.771121511264969027e-07 -1.648106077813885387e-07 -1.527529203462457266e-07 -1.402008682249018027e-07 -1.266843540206750535e-07 -1.120503784549939870e-07 -9.653131213148052990e-08 -8.082979537005291933e-08 -6.616803622328462033e-08 -5.414873869348738711e-08 -4.605425994330088521e-08 -4.073125616540315915e-08 -2.918675141481151464e-08 -2.495388976267346783e-07 -3.192591762626296494e-07 -3.614496539833925025e-07 -3.725937861815828988e-07 -3.603189198837007746e-07 -3.337562028658371639e-07 -3.003429063885077098e-07 -2.652242682742308466e-07 -2.315662675187176957e-07 -2.010815696493286531e-07 -1.745115175895457469e-07 -1.519925919370465051e-07 -1.333063591022093958e-07 -1.180328291461368182e-07 -1.056278132837102657e-07 -9.543780443939674103e-08 -8.665556991563270648e-08 -7.820648779149859397e-08 -6.853758371560036430e-08 -5.525356618656795369e-08
