1.090220915487951568e-04 8.441479187980273325e-05 6.847297367067177616e-05 5.799199592338448634e-05 5.081474257543121075e-05 4.550499471716196870e-05 4.110991996093371452e-05 3.699727720718011461e-05 3.275065554930717661e-05 2.810919892246761413e-05 2.294262093382110269e-05 1.725599659569011424e-05 1.122041578928026855e-05 5.222745385803876386e-06 -8.467938464140732501e-08 -3.786966649028965088e-06 -4.893286369817703811e-06 -3.013092435300679526e-06 -2.045211829400880999e-07 -5.472992982990404396e-06 2.810859982880320018e-05 1.845826031671450913e-05 2.047976619130380770e-05 2.322967328015222894e-05 2.368908831374691638e-05 2.179205985469190264e-05 1.833386967907077865e-05 1.417009996101990129e-05 9.967104958839491204e-06 6.168987672073525741e-06 3.035357023824071834e-06 6.903503384545109374e-07 -8.388909317882831179e-07 -1.600730646829451060e-06 -1.715400421044602280e-06 -1.388139909621781822e-06 -9.360774678148312146e-07 -8.203056218560044706e-07 -1.659826680445297484e-06 -4.168564264779801569e-06 2.348556291766926458e-05 6.782103232485639259e-06 -2.052221156300259681e-07 -2.972604307905255222e-06 -4.001814290780098197e-06 -4.370305919667536801e-06 -4.517503451360137522e-06 -4.603451553734498658e-06 -4.672739806202489092e-06 -4.726813584267219774e-06 -4.754050099354648749e-06 -4.740810107288761919e-06 -4.673920907202275678e-06 -4.538625866031225515e-06 -4.312266410692061607e-06 -3.950619065125129575e-06 -3.358943290803687151e-06 -2.330700403108158760e-06 -4.187118685479358943e-07 3.333287718754063503e-06 -4.574671617452208980e-05 -1.055581027546509469e-05 -3.293253924828502433e-06 -3.885042759523748280e-06 -5.129859763832787175e-06 -5.124182708213446750e-06 -3.914167024082524263e-06 -2.094429084404536855e-06 -2.742940446187835167e-07 1.090286560464692988e-06 1.726615983188410593e-06 1.536349300650856641e-06 5.883437203981748699e-07 -8.743110317486714908e-07 -2.418776472432042520e-06 -3.427264893733170769e-06 -3.196976933237108791e-06 -1.310134142913897870e-06 1.334888388131147104e-06 -1.736000150685291684e-08 -4.058823180995089031e-06 -1.471335342176920750e-05 -1.552144788620219568e-05 -1.321192672612685191e-05 -1.051486681149686773e-05 -8.396437869927056202e-06 -7.088716593757260101e-06 -6.547282705041134699e-06 -6.641149971937052156e-06 -7.219416933544849054e-06 -8.121577282523168050e-06 -9.161813236623368226e-06 -1.010183566811248322e-05 -1.062358749787056954e-05 -1.032142327037789094e-05 -8.759289660061572001e-06 -5.698514788141892857e-06 -1.732134602301786673e-06 1.629179729363920192e-07 -8.929011994462579589e-06
8.441479187980273325e-05 6.536158852649675557e-05 5.301798690235133544e-05 4.490266327697296870e-05 3.934538273842336242e-05 3.523409433785717576e-05 3.183102881625021540e-05 2.864664776831639639e-05 2.535852810055930882e-05 2.176469138721363818e-05 1.776425808560922400e-05 1.336115773060366837e-05 8.687863626547842540e-06 4.043923195020620077e-06 -6.556646024182022425e-08 -2.932213067940053395e-06 -3.788826142007746336e-06 -2.333009459157874289e-06 -1.583588504644625564e-07 -4.237687582905865474e-06 2.176422751455921157e-05 1.429205935203778007e-05 1.585729255627215707e-05 1.798652004857391348e-05 1.834224083778653714e-05 1.687338933910180369e-05 1.419574483780199473e-05 1.097177665675333475e-05 7.717436702890733441e-06 4.776589799821267989e-06 2.350248723051930099e-06 5.345318487006493911e-07 -6.495454490988831538e-07 -1.239430857435457481e-06 -1.328218597495860986e-06 -1.074823826126328500e-06 -7.247960803760142303e-07 -6.351550164107269682e-07 -1.285188366833181349e-06 -3.227680554004732379e-06 1.818465301583157127e-05 5.251319477955287408e-06 -1.589015761295298925e-07 -2.301659878544132548e-06 -3.098567599454164413e-06 -3.383887241740245914e-06 -3.497860921996509713e-06 -3.564409738583360996e-06 -3.618058988278619651e-06 -3.659927811896315949e-06 -3.681016792303625232e-06 -3.670765189542621487e-06 -3.618973503801754498e-06 -3.514215811295811039e-06 -3.338947789548779462e-06 -3.058927612204703990e-06 -2.600798561109484425e-06 -1.804639653005463154e-06 -3.242047069447177921e-07 2.580933690197913651e-06 -3.542125701494454944e-05 -8.173265756209174821e-06 -2.549935895765832359e-06 -3.008152488457336248e-06 -3.972002721509925973e-06 -3.967607030124917259e-06 -3.030703135729417013e-06 -1.621696967608476049e-06 -2.123833285660333689e-07 8.441987470931998920e-07 1.336902702989845582e-06 1.189580979659308152e-06 4.555490727213959862e-07 -6.769709031884313197e-07 -1.872836134617073758e-06 -2.653699343054266805e-06 -2.475389516288572403e-06 -1.014424686204092965e-06 1.033591668129223553e-06 -1.344168776635661426e-08 -3.142709053121314720e-06 -1.139241276064435415e-05 -1.201811279139271210e-05 -1.022987202935868728e-05 -8.141563612720491982e-06 -6.501283778841789958e-06 -5.488727352924612455e-06 -5.069500126741855330e-06 -5.142180678791238122e-06 -5.589927410867463120e-06 -6.288461781464544392e-06 -7.093906809383079536e-06 -7.821757438454749324e-06 -8.225745029375463072e-06 -7.991782077326431644e-06 -6.782236546416514323e-06 -4.412307019900428456e-06 -1.341175718461311270e-06 1.261458717543458429e-07 -6.913650971991013831e-06
6.847297367067177616e-05 5.301798690235133544e-05 4.300548683939025218e-05 3.642275022942810596e-05 3.191496770076337949e-05 2.858010024287342734e-05 2.581970706211008198e-05 2.323669957258112765e-05 2.056954460574860949e-05 1.765440756436369458e-05 1.440946010868470034e-05 1.083788967696564833e-05 7.047151857011574079e-06 3.280224239054451406e-06 -5.318416838852005896e-08 -2.378461685764072848e-06 -3.073302520651260876e-06 -1.892418280173086639e-06 -1.284526225428672250e-07 -3.437396027724757385e-06 1.765403129452583985e-05 1.159298959245444604e-05 1.286262693438628172e-05 1.458974767676569659e-05 1.487829023774894862e-05 1.368683281949485244e-05 1.151486417094347687e-05 8.899745618138671775e-06 6.259991032312761693e-06 3.874526019852877016e-06 1.906401891770450212e-06 4.335849723390990844e-07 -5.268781388146026885e-07 -1.005363095470733691e-06 -1.077383181667132389e-06 -8.718422673096422856e-07 -5.879176128143396521e-07 -5.152053537893345420e-07 -1.042479253272640204e-06 -2.618129840400452409e-06 1.475046303420735367e-05 4.259602521585444595e-06 -1.288928539211245976e-07 -1.866989099337009030e-06 -2.513399996961734687e-06 -2.744836738306763602e-06 -2.837286374603313450e-06 -2.891267380354700976e-06 -2.934784915374694197e-06 -2.968746769610840970e-06 -2.985853074892350374e-06 -2.977537497606607984e-06 -2.935526723723001225e-06 -2.850552626636160457e-06 -2.708384146786284659e-06 -2.481246061107661876e-06 -2.109635141328585666e-06 -1.463831642459557381e-06 -2.629783224975878017e-07 2.093521771235390708e-06 -2.873191706045895356e-05 -6.629736311204679084e-06 -2.068377941407331254e-06 -2.440059870464331661e-06 -3.221886019183080049e-06 -3.218320458529934360e-06 -2.458351805355510763e-06 -1.315437866896307468e-06 -1.722745237078658204e-07 6.847709660273092094e-07 1.084427285118688931e-06 9.649274171678985524e-07 3.695181729117589459e-07 -5.491242683608765941e-07 -1.519149150041324178e-06 -2.152545557484331446e-06 -2.007909720547906202e-06 -8.228495656097404754e-07 8.383968437523491422e-07 -1.090321153460478297e-08 -2.549205292780501278e-06 -9.240944171440502176e-06 -9.748480123103750447e-06 -8.297950424589211103e-06 -6.604021149346609439e-06 -5.273509809134645945e-06 -4.452175680980678858e-06 -4.112119937417222795e-06 -4.171074694232040938e-06 -4.534264006363959918e-06 -5.100879459661042163e-06 -5.754215385293229373e-06 -6.344610692214913887e-06 -6.672304820937994716e-06 -6.482526007310439462e-06 -5.501404364442427030e-06 -3.579038408703926249e-06 -1.087893337327745493e-06 1.023230972078710739e-07 -5.608001043791251594e-06
5.799199592338448634e-05 4.490266327697296870e-05 3.642275022942810596e-05 3.084761577585977762e-05 2.702982764702614789e-05 2.420541956810819511e-05 2.186755250166981082e-05 1.967991916587685379e-05 1.742101858551787141e-05 1.495209389366517173e-05 1.220384199903576802e-05 9.178962447104664852e-06 5.968462881849851064e-06 2.778128953679578791e-06 -4.504340780071440879e-08 -2.014396819512382234e-06 -2.602880197757104887e-06 -1.602750797956679941e-06 -1.087907179069198346e-07 -2.911242870590470105e-06 1.495177521846044228e-05 9.818481207183436216e-06 1.089377850494084666e-05 1.235653342388136657e-05 1.260090953496927673e-05 1.159182536586925245e-05 9.752314238189691310e-06 7.537484995007859759e-06 5.301790691497267641e-06 3.281462526062229878e-06 1.614593974954495088e-06 3.672172625255742520e-07 -4.462302897083610366e-07 -8.514748142015079005e-07 -9.124709754780885901e-07 -7.383916675625668267e-07 -4.979266121783524265e-07 -4.363442271451130318e-07 -8.829096994789058402e-07 -2.217379600915830074e-06 1.249264850482422766e-05 3.607596381823647941e-06 -1.091635642275139403e-07 -1.581213994860125474e-06 -2.128680478792611676e-06 -2.324691807658718448e-06 -2.402990421605497682e-06 -2.448708696972520186e-06 -2.485565117516092050e-06 -2.514328520167271981e-06 -2.528816408351021096e-06 -2.521773674580252451e-06 -2.486193379214172101e-06 -2.414226043378076788e-06 -2.293818918319638234e-06 -2.101448261218149900e-06 -1.786718846243963856e-06 -1.239766788139303871e-06 -2.227249232604999168e-07 1.773071907274278443e-06 -2.433399818525524232e-05 -5.614940034321484131e-06 -1.751776777258453722e-06 -2.066566332307404023e-06 -2.728720411482628204e-06 -2.725700621808291816e-06 -2.082058368898979896e-06 -1.114087256987211174e-06 -1.459049160712687383e-07 5.799548776909161572e-07 9.184368565658780829e-07 8.172285186838695105e-07 3.129569993583275847e-07 -4.650712627930625424e-07 -1.286616990521381075e-06 -1.823061078008912071e-06 -1.700564267715056051e-06 -6.968981496832165725e-07 7.100656469063152877e-07 -9.234285660028586606e-09 -2.159005152278303737e-06 -7.826457184346549190e-06 -8.256305944550648929e-06 -7.027805006829098321e-06 -5.593161024564805956e-06 -4.466307551124412926e-06 -3.770692874876716734e-06 -3.482688568399487161e-06 -3.532619275853681734e-06 -3.840216156483861474e-06 -4.320101274600254670e-06 -4.873432790741062713e-06 -5.373457842915078971e-06 -5.650992694379628042e-06 -5.490262823946853351e-06 -4.659318887041186151e-06 -3.031204425346791113e-06 -9.213723692915936483e-07 8.666077019944790701e-08 -4.749599093418306598e-06
5.081474257543121075e-05 3.934538273842336242e-05 3.191496770076337949e-05 2.702982764702614789e-05 2.368453976918660447e-05 2.120968841818644265e-05 1.916116238860136032e-05 1.724427673847450565e-05 1.526494407942821801e-05 1.310158048662537861e-05 1.069346001526699208e-05 8.042948107448970470e-06 5.229789043869080000e-06 2.434299861123679892e-06 -3.946870832204824006e-08 -1.765089374808246082e-06 -2.280740386629473591e-06 -1.404389828526228115e-06 -9.532647112784275288e-08 -2.550939223389649646e-06 1.310130125156482171e-05 8.603318217981030785e-06 9.545533682504582100e-06 1.082725391774373399e-05 1.104138535051805919e-05 1.015718829067718294e-05 8.545340260111539929e-06 6.604624544971974049e-06 4.645626088351539657e-06 2.875339447758826188e-06 1.414767260460357770e-06 3.217694160612117371e-07 -3.910035676448763743e-07 -7.460938842366300754e-07 -7.995409881689349595e-07 -6.470062274905304842e-07 -4.363018071101922627e-07 -3.823410321304971310e-07 -7.736382992515835106e-07 -1.942950433391022543e-06 1.094652301149734966e-05 3.161110055612084909e-06 -9.565317293383365920e-08 -1.385518481061398590e-06 -1.865228965357524651e-06 -2.036981378075967568e-06 -2.105589534225224949e-06 -2.145649586595851183e-06 -2.177944552346775475e-06 -2.203148114977111339e-06 -2.215842941164702005e-06 -2.209671836033888626e-06 -2.178495058601123664e-06 -2.115434603686238518e-06 -2.009929404793348801e-06 -1.841367084010439986e-06 -1.565589471114374772e-06 -1.086329745851438037e-06 -1.951598571562746068e-07 1.553631515888909528e-06 -2.132235378220778018e-05 -4.920019183293482656e-06 -1.534971931361174270e-06 -1.810802241226346333e-06 -2.391006259777688057e-06 -2.388360207809825798e-06 -1.824376939576272667e-06 -9.762046687471462284e-07 -1.278473112125077648e-07 5.081780226044284834e-07 8.047685149488748241e-07 7.160860070600968515e-07 2.742245564471114627e-07 -4.075127286407247027e-07 -1.127381634749990790e-06 -1.597433885543432770e-06 -1.490097626767008662e-06 -6.106480646783066282e-07 6.221859152230342501e-07 -8.091424363153101391e-09 -1.891800571530473752e-06 -6.857832719288028904e-06 -7.234482181827596496e-06 -6.158023992899768322e-06 -4.900935605349458943e-06 -3.913544703185072408e-06 -3.304021265641767216e-06 -3.051661186268215482e-06 -3.095412328223151124e-06 -3.364940149387958896e-06 -3.785433328741213530e-06 -4.270282972280215513e-06 -4.708423510520312479e-06 -4.951609864228735685e-06 -4.810772376913861644e-06 -4.082668410562006644e-06 -2.656053997020554694e-06 -8.073407203215129475e-07 7.593538830585129141e-08 -4.161775283392716585e-06
4.550499471716196870e-05 3.523409433785717576e-05 2.858010024287342734e-05 2.420541956810819511e-05 2.120968841818644265e-05 1.899343990554566491e-05 1.715896901324779323e-05 1.544238309818698172e-05 1.366987540399360862e-05 1.173256658626890483e-05 9.576076092102055382e-06 7.202522193172154793e-06 4.683316509177740732e-06 2.179934340038937820e-06 -3.534453335116144015e-08 -1.580651177298350406e-06 -2.042420643787181755e-06 -1.257641945800602034e-06 -8.536559166149365931e-08 -2.284385790439325084e-06 1.173231652911400261e-05 7.704337958184921610e-06 8.548099188932603993e-06 9.695889565846507727e-06 9.887645918891288635e-06 9.095840617954017941e-06 7.652418248808324296e-06 5.914492326349004875e-06 4.160194067588517824e-06 2.574888698611152468e-06 1.266935016303503618e-06 2.881469989988526565e-07 -3.501467168442226978e-07 -6.681328398012964665e-07 -7.159951344587344457e-07 -5.793990773489151589e-07 -3.907116403899058383e-07 -3.423893493394300356e-07 -6.927990763345657253e-07 -1.739927129925360312e-06 9.802695961118952474e-06 2.830798486629444878e-06 -8.565815565379637449e-08 -1.240742508291535688e-06 -1.670326954601744770e-06 -1.824132567644275399e-06 -1.885571701739892324e-06 -1.921445788256980490e-06 -1.950366179690730616e-06 -1.972936164821416227e-06 -1.984304479789145917e-06 -1.978778207448793891e-06 -1.950859162296294366e-06 -1.894388037533554667e-06 -1.799907316488332897e-06 -1.648958455429899473e-06 -1.401997471630396349e-06 -9.728166835182692683e-07 -1.747671604498529421e-07 1.391289030304434800e-06 -1.909433260980344241e-05 -4.405915204859337076e-06 -1.374579228142225907e-06 -1.621587402484852356e-06 -2.141164585422709780e-06 -2.138795025434480700e-06 -1.633743649774376756e-06 -8.741988258282694789e-07 -1.144882553068637424e-07 4.550773468873781096e-07 7.206764250930787240e-07 6.412605538625380512e-07 2.455702097460836782e-07 -3.649307981132692780e-07 -1.009578967311897519e-06 -1.430514390873160320e-06 -1.334393941550198114e-06 -5.468400615428231302e-07 5.571722958802472459e-07 -7.245933054822190167e-09 -1.694122033298279895e-06 -6.141242203463706973e-06 -6.478534708245022077e-06 -5.514558080247889359e-06 -4.388825713315849069e-06 -3.504609529005425271e-06 -2.958776579754100099e-06 -2.732786178215229332e-06 -2.771965663983041824e-06 -3.013329910983336101e-06 -3.389884803033974462e-06 -3.824071406166105048e-06 -4.216429644494167012e-06 -4.434204903797323481e-06 -4.308083845391325032e-06 -3.656061116097696365e-06 -2.378516882644891299e-06 -7.229798548845335104e-07 6.800072712311842618e-08 -3.726901932124837060e-06
4.110991996093371452e-05 3.183102881625021540e-05 2.581970706211008198e-05 2.186755250166981082e-05 1.916116238860136032e-05 1.715896901324779323e-05 1.550167947785123523e-05 1.395088906434083658e-05 1.234957804581769530e-05 1.059938312916524237e-05 8.651176077109953139e-06 6.506870569231938563e-06 4.230980973422779695e-06 1.969386587035313957e-06 -3.193080113851334831e-08 -1.427984857239941719e-06 -1.845154575108285328e-06 -1.136173293782994738e-06 -7.712060318728514749e-08 -2.063749651847271855e-06 1.059915722364239618e-05 6.960218736021840816e-06 7.722485754791413333e-06 8.759417432734552971e-06 8.932653104437607048e-06 8.217323880722793004e-06 6.913313663070323703e-06 5.343244354977666285e-06 3.758384023633651422e-06 2.326194497244830752e-06 1.144568798209270837e-06 2.603164804095348521e-07 -3.163279897848423971e-07 -6.036015988623696484e-07 -6.468411402521376142e-07 -5.234381377978605661e-07 -3.529749726171575759e-07 -3.093198633316532085e-07 -6.258854605773941932e-07 -1.571877230042006191e-06 8.855907991370089096e-06 2.557387379873246421e-06 -7.738491004814232742e-08 -1.120906079102481948e-06 -1.508999349171894266e-06 -1.647949732113837751e-06 -1.703454801410929904e-06 -1.735864009115615092e-06 -1.761991140532069327e-06 -1.782381216127265767e-06 -1.792651528679082976e-06 -1.787659008297391795e-06 -1.762436508685231797e-06 -1.711419616286284263e-06 -1.626064263447280455e-06 -1.489694714678473809e-06 -1.266586320960936650e-06 -8.788577219857165013e-07 -1.578873708820244425e-07 1.256912148520024026e-06 -1.725011705144578533e-05 -3.980372320713998381e-06 -1.241816253361236787e-06 -1.464967279749380369e-06 -1.934361387733904782e-06 -1.932220690387070540e-06 -1.475949422615319090e-06 -7.897648155574551421e-07 -1.034304704656309564e-07 4.111239529386976688e-07 6.510702910187277027e-07 5.793247578040177817e-07 2.218519468071444283e-07 -3.296841587382523374e-07 -9.120693409240484405e-07 -1.292348949324901617e-06 -1.205512240457299614e-06 -4.940238165323663994e-07 5.033581177287342355e-07 -6.546088616810241982e-09 -1.530496193348204929e-06 -5.548093720575359371e-06 -5.852809015262630490e-06 -4.981937536922977395e-06 -3.964933408262902083e-06 -3.166118755253954892e-06 -2.673004779629218152e-06 -2.468841536078759966e-06 -2.504236892875007572e-06 -2.722289107522797361e-06 -3.062474653512137471e-06 -3.454725583631239324e-06 -3.809188118435056643e-06 -4.005929674720698738e-06 -3.891989949011789037e-06 -3.302942474540565292e-06 -2.148789144554797771e-06 -6.531512453172812956e-07 6.143291448976662353e-08 -3.366941169517770122e-06
3.699727720718011461e-05 2.864664776831639639e-05 2.323669957258112765e-05 1.967991916587685379e-05 1.724427673847450565e-05 1.544238309818698172e-05 1.395088906434083658e-05 1.255523996374894727e-05 1.111412434728675066e-05 9.539019200900626248e-06 7.785711083775418348e-06 5.855922230689941031e-06 3.807712982189713634e-06 1.772368848148761258e-06 -2.873643885202273962e-08 -1.285129031172205345e-06 -1.660565025917101741e-06 -1.022510341674954057e-06 -6.940544611170100912e-08 -1.857291817356308489e-06 9.538815895001239849e-06 6.263917376728459135e-06 6.949927084996158749e-06 7.883123957435349039e-06 8.039029105736794617e-06 7.395261528243976345e-06 6.221704694532546932e-06 4.808705362955396395e-06 3.382394704381540339e-06 2.093481639812690783e-06 1.030065958539404623e-06 2.342743794310779854e-07 -2.846824887419226215e-07 -5.432172015180204434e-07 -5.821310524967818490e-07 -4.710733055019488330e-07 -3.176633017413732207e-07 -2.783754563434649409e-07 -5.632717822591333119e-07 -1.414626388734950777e-06 7.969961585655179791e-06 2.301545950690913272e-06 -6.964331167330233421e-08 -1.008770461513347578e-06 -1.358038820796062909e-06 -1.483088585928958851e-06 -1.533040919505373387e-06 -1.562207905056665268e-06 -1.585721274203614654e-06 -1.604071523481348875e-06 -1.613314392376376108e-06 -1.608821324506152599e-06 -1.586122087657823698e-06 -1.540208933068216215e-06 -1.463392542934101886e-06 -1.340665424924334521e-06 -1.139876829435448414e-06 -7.909366594942374953e-07 -1.420922938693661920e-07 1.131170462702391555e-06 -1.552441267254048006e-05 -3.582175257874131344e-06 -1.117584763231049411e-06 -1.318411726411577887e-06 -1.740847575204849220e-06 -1.738921033551818405e-06 -1.328295214005961476e-06 -7.107566212102398423e-07 -9.308327019664405932e-08 3.699950490742623873e-07 5.859371183663136311e-07 5.213690193954567645e-07 1.996578437218167679e-07 -2.967025044866581549e-07 -8.208257829352064012e-07 -1.163062160471678437e-06 -1.084912609395274575e-06 -4.446015974870781638e-07 4.530020937474821861e-07 -5.891216898720375679e-09 -1.377385117354808598e-06 -4.993061566322732490e-06 -5.267293095781455229e-06 -4.483543734883232565e-06 -3.568280856613477385e-06 -2.849379745090656973e-06 -2.405596967886031195e-06 -2.221858246810161823e-06 -2.253712646635854549e-06 -2.449950883991463994e-06 -2.756104215323751140e-06 -3.109114301701477651e-06 -3.428116349678189806e-06 -3.605175850231558982e-06 -3.502634672312251627e-06 -2.972515598329353896e-06 -1.933823946055370393e-06 -5.878098936748577277e-07 5.528715621880926410e-08 -3.030111853958639826e-06
3.275065554930717661e-05 2.535852810055930882e-05 2.056954460574860949e-05 1.742101858551787141e-05 1.526494407942821801e-05 1.366987540399360862e-05 1.234957804581769530e-05 1.111412434728675066e-05 9.838422870738061163e-06 8.444111451160901005e-06 6.892051555125415265e-06 5.183767735849401872e-06 3.370656051578812451e-06 1.568932798135136159e-06 -2.543801278364552093e-08 -1.137619344273461829e-06 -1.469962042787376904e-06 -9.051445545106699896e-07 -6.143894984815752782e-08 -1.644108138665358507e-06 8.443931481120276044e-06 5.544932380989925909e-06 6.152200519484070882e-06 6.978283183832551484e-06 7.116293226620061729e-06 6.546418582434423270e-06 5.507564955093449373e-06 4.256752519877174485e-06 2.994156658466264286e-06 1.853187619736462092e-06 9.118329225223065530e-07 2.073838964367326155e-07 -2.520060618919489833e-07 -4.808656419700691489e-07 -5.153128831106995854e-07 -4.170025669881930848e-07 -2.812012710483539957e-07 -2.464229633178700847e-07 -4.986183177240158479e-07 -1.252252735491231280e-06 7.055153414974710893e-06 2.037369891840372211e-06 -6.164951272367464498e-08 -8.929817653426550985e-07 -1.202160402059195363e-06 -1.312856704423695435e-06 -1.357075408997116007e-06 -1.382894549466636540e-06 -1.403709006958281257e-06 -1.419952977831423565e-06 -1.428134931702604205e-06 -1.424157587171185832e-06 -1.404063814240580074e-06 -1.363420663591253176e-06 -1.295421412734616298e-06 -1.186781159399513637e-06 -1.009039481484646164e-06 -7.001513638789684721e-07 -1.257826554821015352e-07 1.001332448981590503e-06 -1.374248945933242583e-05 -3.171005999466309064e-06 -9.893061433350770694e-07 -1.167081785021012673e-06 -1.541029600100297761e-06 -1.539324190760943378e-06 -1.175830826092788906e-06 -6.291745511512510272e-07 -8.239898581027864651e-08 3.275262754965247935e-07 5.186820811085138290e-07 4.615252379974289521e-07 1.767407161027948428e-07 -2.626463961292123767e-07 -7.266097538032928774e-07 -1.029563553737640641e-06 -9.603841648246756101e-07 -3.935693346953958542e-07 4.010056051519239956e-07 -5.215011211117024678e-09 -1.219286091909346371e-06 -4.419947948585368903e-06 -4.662702633254956042e-06 -3.968913595428522967e-06 -3.158706425440812299e-06 -2.522322224904870174e-06 -2.129477724658161312e-06 -1.966828902385959011e-06 -1.995026990331163867e-06 -2.168740609342820825e-06 -2.439753047463287166e-06 -2.752243928336660645e-06 -3.034630281643257331e-06 -3.191366537716457849e-06 -3.100595241795153879e-06 -2.631324298019806125e-06 -1.711855756184406155e-06 -5.203398955122037901e-07 4.894118557653088183e-08 -2.682309539946704278e-06
2.810919892246761413e-05 2.176469138721363818e-05 1.765440756436369458e-05 1.495209389366517173e-05 1.310158048662537861e-05 1.173256658626890483e-05 1.059938312916524237e-05 9.539019200900626248e-06 8.444111451160901005e-06 7.247403281647888510e-06 5.915302912189213936e-06 4.449118834750862333e-06 2.892963205283150744e-06 1.346582026499228906e-06 -2.183291141916982060e-08 -9.763947594296742196e-07 -1.261637508506644949e-06 -7.768665362445542690e-07 -5.273175861378766924e-08 -1.411103440363659528e-06 7.247248817146730874e-06 4.759098854501403870e-06 5.280304327121924676e-06 5.989313705685789679e-06 6.107764823104551155e-06 5.618653400276147598e-06 4.727027178679120448e-06 3.653481169706662675e-06 2.569821693832921979e-06 1.590551962094342194e-06 7.826070218547648605e-07 1.779932370965886862e-07 -2.162915033173536381e-07 -4.127168680567892975e-07 -4.422822107136533527e-07 -3.579045338192844401e-07 -2.413491373706603142e-07 -2.114996472219464529e-07 -4.279536163234759584e-07 -1.074782188409412782e-06 6.055289808519454548e-06 1.748631732948589436e-06 -5.291248030177605951e-08 -7.664274700810985298e-07 -1.031788992049974837e-06 -1.126797300462634471e-06 -1.164749284693203605e-06 -1.186909309990170305e-06 -1.204773921134061218e-06 -1.218715779729120069e-06 -1.225738178672958754e-06 -1.222324507503888247e-06 -1.205078444762977906e-06 -1.170195283272736534e-06 -1.111832956264341407e-06 -1.018589311495579661e-06 -8.660373671902120173e-07 -6.009251916646677536e-07 -1.079566080324581033e-07 8.594225832691953839e-07 -1.179488970291653841e-05 -2.721607764129848581e-06 -8.491006580420408966e-07 -1.001681752737868992e-06 -1.322633298420994358e-06 -1.321169581449223321e-06 -1.009190870700321473e-06 -5.400072859194698029e-07 -7.072131669742122323e-08 2.811089144889347192e-07 4.451739225020527280e-07 3.961174060493997983e-07 1.516928398319627542e-07 -2.254238784304712245e-07 -6.236338713254870143e-07 -8.836527467904755085e-07 -8.242775321062484387e-07 -3.377922833355360935e-07 3.441746778860549770e-07 -4.475934452533064894e-09 -1.046487611500740797e-06 -3.793548374220773748e-06 -4.001899615021591447e-06 -3.406435074010192427e-06 -2.711051298399756687e-06 -2.164856122029959223e-06 -1.827685948858701404e-06 -1.688087885153648998e-06 -1.712289711040513109e-06 -1.861384457098007354e-06 -2.093988733434463404e-06 -2.362193084907745644e-06 -2.604559353458766021e-06 -2.739082785934535558e-06 -2.661175691535746271e-06 -2.258410309106800975e-06 -1.469249795770168256e-06 -4.465967897414487958e-07 4.200519036331813881e-08 -2.302169870049807158e-06
2.294262093382110269e-05 1.776425808560922400e-05 1.440946010868470034e-05 1.220384199903576802e-05 1.069346001526699208e-05 9.576076092102055382e-06 8.651176077109953139e-06 7.785711083775418348e-06 6.892051555125415265e-06 5.915302912189213936e-06 4.828047672130935528e-06 3.631353821101782615e-06 2.361225532516058443e-06 1.099075113292355354e-06 -1.781993901545645919e-08 -7.969296780442702032e-07 -1.029743721740236657e-06 -6.340755034104951055e-07 -4.303946022748062433e-08 -1.151737245162027054e-06 5.915176838852596865e-06 3.884358330757539535e-06 4.309764249295041085e-06 4.888454999457722838e-06 4.985134349645607571e-06 4.585923472120932609e-06 3.858181551293542931e-06 2.981957393970263874e-06 2.097478663541473467e-06 1.298202444065681783e-06 6.387608658676175930e-07 1.452774011367055160e-07 -1.765362999316926324e-07 -3.368579333384126181e-07 -3.609890532335724167e-07 -2.921203152235175182e-07 -1.969882452599501288e-07 -1.726252052658651147e-07 -3.492941091508523353e-07 -8.772331222641322131e-07 4.942304442914956425e-06 1.427226550018250630e-06 -4.318696457982714289e-08 -6.255551774292445594e-07 -8.421422393994657851e-07 -9.196876583026331987e-07 -9.506639230581663419e-07 -9.687508511728564016e-07 -9.833318786412985849e-07 -9.947111704433038519e-07 -1.000442825673285533e-06 -9.976566002870436926e-07 -9.835804296655699470e-07 -9.551089263242140921e-07 -9.074738176516907266e-07 -8.313687104831021626e-07 -7.068563954730169370e-07 -4.904728491186744863e-07 -8.811377165964292905e-08 7.014574340697549021e-07 -9.626943982169105664e-06 -2.221365875107408870e-06 -6.930327180738618739e-07 -8.175688255214425952e-07 -1.079528252790865972e-06 -1.078333572582071442e-06 -8.236977389577551859e-07 -4.407518868298058175e-07 -5.772246891151216167e-08 2.294400236743349193e-07 3.633492573644017126e-07 3.233095157690844116e-07 1.238111172160733373e-07 -1.839901096622235336e-07 -5.090075868322177136e-07 -7.212340011062809977e-07 -6.727721773765535963e-07 -2.757047730998364018e-07 2.809140591853818416e-07 -3.653240626043475815e-09 -8.541391965251229385e-07 -3.096279711987612140e-06 -3.266335199942614116e-06 -2.780319313056677886e-06 -2.212749728047707838e-06 -1.766947308636967776e-06 -1.491750299480084166e-06 -1.377810892401482480e-06 -1.397564330368896572e-06 -1.519254893357061620e-06 -1.709105616399460223e-06 -1.928012984966784019e-06 -2.125831408816146364e-06 -2.235628921243339032e-06 -2.172041447983181868e-06 -1.843305879252801893e-06 -1.199196078636946176e-06 -3.645105961774591904e-07 3.428447613952857162e-08 -1.879022265967165841e-06
1.725599659569011424e-05 1.336115773060366837e-05 1.083788967696564833e-05 9.178962447104664852e-06 8.042948107448970470e-06 7.202522193172154793e-06 6.506870569231938563e-06 5.855922230689941031e-06 5.183767735849401872e-06 4.449118834750862333e-06 3.631353821101782615e-06 2.731275966919014086e-06 1.775965347127737012e-06 8.266551789391342246e-07 -1.340303742423850919e-08 -5.994003845944193970e-07 -7.745084664929480412e-07 -4.769117163999479718e-07 -3.237157521401155007e-08 -8.662643225886819002e-07 4.449024010315862555e-06 2.921570047525908768e-06 3.241533625499166373e-06 3.676788413675690356e-06 3.749504540683496093e-06 3.449243225143339508e-06 2.901881520281362319e-06 2.242840815235215415e-06 1.577591539432551408e-06 9.764262339482833046e-07 4.804357513758513603e-07 1.092685245803854710e-07 -1.327795023691590295e-07 -2.533633523251839126e-07 -2.715132630944115680e-07 -2.197145295460970348e-07 -1.481621694139426235e-07 -1.298378229318524614e-07 -2.627170616551633010e-07 -6.597995850204422887e-07 3.717290578430895707e-06 1.073470052067483505e-06 -3.248251871123808659e-08 -4.705032630436058540e-07 -6.334064298094873336e-07 -6.917312170456227116e-07 -7.150296152848882001e-07 -7.286334651185175413e-07 -7.396003969735520740e-07 -7.481591846187465054e-07 -7.524701752166179960e-07 -7.503745517079308210e-07 -7.397873414225342580e-07 -7.183728671935522336e-07 -6.825447342413730394e-07 -6.253032589101990864e-07 -5.316529261895739665e-07 -3.689028310707769352e-07 -6.627363753156759146e-08 5.275921669649113432e-07 -7.240781820978364454e-06 -1.670771708655495954e-06 -5.212556254266043938e-07 -6.149238533223976314e-07 -8.119532597798939176e-07 -8.110546964607612945e-07 -6.195336365593416979e-07 -3.315058502085622384e-07 -4.341521092577230559e-08 1.725703562317443337e-07 2.732884602074268341e-07 2.431730846950078875e-07 9.312293583858288893e-08 -1.383857892753491110e-07 -3.828434951217364533e-07 -5.424668569334691026e-07 -5.060169209077059951e-07 -2.073677911407621493e-07 2.112858885201959879e-07 -2.747737845126121552e-09 -6.424297864659100829e-07 -2.328826873070944953e-06 -2.456731916252129381e-06 -2.091181331872656673e-06 -1.664291184710169882e-06 -1.328986641524270231e-06 -1.122000758487917036e-06 -1.036302702178888478e-06 -1.051159995916256535e-06 -1.142687984227121842e-06 -1.285481758310687574e-06 -1.450130113773887168e-06 -1.598916691312517611e-06 -1.681499474950189821e-06 -1.633672976605867777e-06 -1.386418756120043452e-06 -9.019598724232418466e-07 -2.741619462255400248e-07 2.578662678755206142e-08 -1.413282375988550129e-06
1.122041578928026855e-05 8.687863626547842540e-06 7.047151857011574079e-06 5.968462881849851064e-06 5.229789043869080000e-06 4.683316509177740732e-06 4.230980973422779695e-06 3.807712982189713634e-06 3.370656051578812451e-06 2.892963205283150744e-06 2.361225532516058443e-06 1.775965347127737012e-06 1.154791003325979589e-06 5.375183502513909168e-07 -8.715095178959481088e-09 -3.897498183955174100e-07 -5.036108449707986342e-07 -3.101036629853787328e-07 -2.104906150398105833e-08 -5.632735164824886377e-07 2.892901547320843028e-06 1.899700808873334555e-06 2.107751637023266903e-06 2.390768596984622070e-06 2.438051011250830026e-06 2.242811241289453557e-06 1.886898681755532288e-06 1.458368768013830228e-06 1.025801837635101049e-06 6.349044097051545647e-07 3.123951062796755618e-07 7.104998379400084522e-08 -8.633759381059418003e-08 -1.647451738350775034e-07 -1.765468419821339131e-07 -1.428656040109006487e-07 -9.633990919315746132e-08 -8.442481721595810526e-08 -1.708272628800331614e-07 -4.290233624277013252e-07 2.417104434871426122e-06 6.980054878166717151e-07 -2.112120061000693534e-08 -3.059366761164588356e-07 -4.118616659811519206e-07 -4.497863584196168696e-07 -4.649357422305806776e-07 -4.737814122341536140e-07 -4.809124715539568475e-07 -4.864776764089011712e-07 -4.892808240975068553e-07 -4.879181808578151536e-07 -4.810340289751957161e-07 -4.671096344364289625e-07 -4.438130055545323502e-07 -4.065927180999082271e-07 -3.456981956593844931e-07 -2.398727380075261218e-07 -4.309329599415693102e-08 3.430577566289172141e-07 -4.708194175880340638e-06 -1.086390644326107509e-06 -3.389375291861506567e-07 -3.998436876573663816e-07 -5.279586795043381306e-07 -5.273744041193868896e-07 -4.028411201342529345e-07 -2.155559926830278592e-07 -2.822999619089730827e-08 1.122109139907921203e-07 1.777011334544060085e-07 1.581191271051438396e-07 6.055159166456600691e-08 -8.998298570509429062e-08 -2.489374156784469715e-07 -3.527297686311414161e-07 -3.290288229666136613e-07 -1.348373491499827215e-07 1.373850247627095369e-07 -1.786669401056582208e-09 -4.177289488667616858e-07 -1.514279727177959816e-06 -1.597447787514572271e-06 -1.359754790416016203e-06 -1.082176794792948289e-06 -8.641507671614789386e-07 -7.295617472054086798e-07 -6.738380560938435146e-07 -6.834987564951391839e-07 -7.430132608883999728e-07 -8.358624631036072794e-07 -9.429222319830083857e-07 -1.039668151848592290e-06 -1.093366190342774910e-06 -1.062267830176046016e-06 -9.014950145278185073e-07 -5.864839354663896568e-07 -1.782691027545274922e-07 1.676731174318798217e-08 -9.189626225479255495e-07
5.222745385803876386e-06 4.043923195020620077e-06 3.280224239054451406e-06 2.778128953679578791e-06 2.434299861123679892e-06 2.179934340038937820e-06 1.969386587035313957e-06 1.772368848148761258e-06 1.568932798135136159e-06 1.346582026499228906e-06 1.099075113292355354e-06 8.266551789391342246e-07 5.375183502513909168e-07 2.501976340522438777e-07 -4.056598613416615385e-09 -1.814160993559453763e-07 -2.344147726971841286e-07 -1.443433563776744469e-07 -9.797666228237944922e-09 -2.621858418085543001e-07 1.346553326685942996e-06 8.842500866527622759e-07 9.810911060177349055e-07 1.112826466765647307e-06 1.134834921316362850e-06 1.043957040599555856e-06 8.782911051329460000e-07 6.788241092831451836e-07 4.774780110534137348e-07 2.955277360917505489e-07 1.454099500865772298e-07 3.307149948721826377e-08 -4.018739395793943517e-08 -7.668361963044509529e-08 -8.217691943478159418e-08 -6.649937828960585877e-08 -4.484315248709715099e-08 -3.929705751040302165e-08 -7.951463793601788871e-08 -1.996966804618805764e-07 1.125084958642213286e-06 3.248992737188170547e-07 -9.831244679358500984e-09 -1.424037570035453105e-07 -1.917084585802623877e-07 -2.093611923256781855e-07 -2.164127469099632059e-07 -2.205301239361908143e-07 -2.238494044207855249e-07 -2.264398296352398992e-07 -2.277446054057045639e-07 -2.271103384742245596e-07 -2.239059855201679541e-07 -2.174246243395123143e-07 -2.065807872408948040e-07 -1.892559315303203653e-07 -1.609114751331856937e-07 -1.116531026244001177e-07 -2.005855371487980743e-08 1.596824350493017676e-07 -2.191514099775177562e-06 -5.056801665278245899e-07 -1.577646006954509900e-07 -1.861144732934419286e-07 -2.457479124713668303e-07 -2.454759509301814844e-07 -1.875096824311348740e-07 -1.003344338846352009e-07 -1.314016210416452940e-08 5.223059860599311618e-08 8.271420526927281737e-08 7.359940638605322532e-08 2.818483306753448643e-08 -4.188420752117981864e-08 -1.158724207288888266e-07 -1.641844478984438137e-07 -1.531524142436071390e-07 -6.276248191977836114e-08 6.394834359378212465e-08 -8.316375743615644121e-10 -1.944394914754337626e-07 -7.048488760542040347e-07 -7.435609533538959622e-07 -6.329224505436531938e-07 -5.037187540793834976e-07 -4.022345977716209907e-07 -3.395877051647543389e-07 -3.136501056944271139e-07 -3.181468533544117599e-07 -3.458489554017589081e-07 -3.890672952166108460e-07 -4.389002002016753984e-07 -4.839323376966212041e-07 -5.089270605339110396e-07 -4.944517665593311502e-07 -4.196171528642054684e-07 -2.729895509515395747e-07 -8.297857684847237578e-08 7.804648391259610777e-09 -4.277477668183872968e-07
-8.467938464140732501e-08 -6.556646024182022425e-08 -5.318416838852005896e-08 -4.504340780071440879e-08 -3.946870832204824006e-08 -3.534453335116144015e-08 -3.193080113851334831e-08 -2.873643885202273962e-08 -2.543801278364552093e-08 -2.183291141916982060e-08 -1.781993901545645919e-08 -1.340303742423850919e-08 -8.715095178959481088e-09 -4.056598613416615385e-09 6.577197411442116539e-11 2.941403902105279503e-09 3.800701975020294179e-09 2.340322127967473116e-09 1.588552161444085829e-10 4.250970343372480000e-09 -2.183244609253625154e-08 -1.433685689721631917e-08 -1.590699622473597616e-08 -1.804289764431667309e-08 -1.839973341757275434e-08 -1.692627789788922010e-08 -1.424024049130092798e-08 -1.100616698836077110e-08 -7.741626514228941689e-09 -4.791561714790703281e-09 -2.357615427230688731e-09 -5.362073045640565246e-10 6.515814077305111986e-10 1.243315774119890686e-09 1.332381813668050641e-09 1.078192792607915386e-09 7.270679072944522225e-10 6.371458691522514627e-10 1.289216707501801067e-09 3.237797512091622958e-09 -1.824165164667735225e-08 -5.267779402712534087e-09 1.593996429483322254e-10 2.308874284100040388e-09 3.108279861249768721e-09 3.394493819690772578e-09 3.508824743152139134e-09 3.575582152744672576e-09 3.629399562578915888e-09 3.671399621344143185e-09 3.692554703810595967e-09 3.682270968056961346e-09 3.630316944592418613e-09 3.525230895805043389e-09 3.349413507663067158e-09 3.068515624997701595e-09 2.608950597717488940e-09 1.810296180479579039e-09 3.252209058457096018e-10 -2.589023461639631957e-09 3.553228267767952967e-08 8.198884334536571336e-09 2.557928506605127368e-09 3.017581349875154718e-09 3.984452709785461302e-09 3.980043240387182357e-09 3.040202680707602404e-09 1.626780072945705287e-09 2.130490305143847707e-10 -8.468448340272834462e-10 -1.341093138934820806e-09 -1.193309645092832266e-09 -4.569769621293257588e-10 6.790928251503503643e-10 1.878706419597421737e-09 2.662017193777002598e-09 2.483148466273244105e-09 1.017604335447850946e-09 -1.036831395050912901e-09 1.348381987623364994e-11 3.152559673477864856e-09 1.142812154919376495e-08 1.205578279663631882e-08 1.026193690840220378e-08 8.167082822708435037e-09 6.521661636687701920e-09 5.505931417469045648e-09 5.085390150381307101e-09 5.158298514968675874e-09 5.607448680515520072e-09 6.308172562382796710e-09 7.116142206183357549e-09 7.846274236460823691e-09 8.251528100625305690e-09 8.016831806679467802e-09 6.803495032728097821e-09 4.426137113814597915e-09 1.345379547899758255e-09 -1.265412679145357170e-10 6.935321368407486341e-09
