var_bias           =  0.0000060395 0.0000029906 0.0000085443 0.0000122924 0.0000171726
var_width          =  0.0004178085 0.0005510428 0.0008300424 0.0027810218 0.0026876007
covar_bias_width   =  0.0000107282 -0.0000054535 0.0000524500 0.0000697744 0.0000453120
mean_bias          =  0.0066301727 -0.0024256150 0.0033600923 -0.0015868478 -0.0069503844
mean_width         =  0.9749717095 1.0150845907 1.0174969424 1.0512141607 1.2169613101
