var_bias           =  0.0000061598 0.0000038469 0.0000130249 0.0000149351 0.0000132355
var_width          =  0.0004988186 0.0006504965 0.0012216535 0.0029661222 0.0032081037
covar_bias_width   =  0.0000091253 -0.0000091173 0.0000890927 0.0000868863 0.0000274353
mean_bias          =  0.0119112712 0.0028044516 0.0081541964 0.0040076884 0.0019803476
mean_width         =  0.9777536962 1.0131529337 1.0162549097 1.0538206751 1.1967348514
