1.987898573702495079e+06 -4.804431006804299541e+05 1.295862468304967915e+05 1.857096678842425463e+05 -4.955490186808991130e+05 2.630652988569402951e+05 -1.732890818752384221e+05 4.087835563036823296e+05 -1.065189968072891206e+05 -2.140394449846172356e+05 5.098536132919120719e+05 -2.512147940409278963e+05 -5.847669591911601601e+05 3.563844356371879257e+04 -2.822711122139239451e+05 6.053929694699764514e+04 2.131733110009503434e+05 1.173307012927365256e+06
-4.804431006804299541e+05 2.668700714506652206e+06 6.210836321686506562e+04 -3.080291492496728897e+05 4.265869665687560919e+05 -5.324244073619842311e+03 7.015962212968826061e+05 -2.468492558854293893e+05 -5.994584549989700463e+03 -7.327119412370682403e+04 8.664608013914107869e+04 -5.069894620989132090e+05 2.556068854623699153e+05 1.773433163436698960e+05 2.416253910537672054e+05 -3.128890462635326548e+05 5.418677629296540981e+05 -1.452209677927494049e+06
1.295862468304967915e+05 6.210836321686506562e+04 1.791808101302433060e+06 1.133962528412246756e+05 -3.348241673993110890e+05 -1.148119484585380560e+05 -6.719773251295280643e+05 -4.573423518816948053e+05 -5.927237761596679775e+04 -6.859918144456100417e+05 -1.294341212511062622e+04 3.463390177922344301e+05 -3.667531095779514289e+05 2.759709862304592389e+05 -8.312882147437620442e+05 2.414967663940572820e+05 -6.850669362488079350e+05 7.746921013064289000e+05
1.857096678842425463e+05 -3.080291492496728897e+05 1.133962528412246756e+05 2.139909953373842407e+06 8.292976270580291748e+04 3.873846119286346366e+05 -7.834448154727935616e+04 1.884273414848327520e+05 2.825116832050323501e+04 -1.711607949264907802e+05 -6.918787885865020799e+05 -1.117710741959953302e+05 1.017172964518547087e+05 -2.379456524854660165e+04 9.115248971884632483e+05 -4.614159226284599281e+05 -4.053557131310320110e+05 9.132291764301680960e+05
-4.955490186808991130e+05 4.265869665687560919e+05 -3.348241673993110890e+05 8.292976270580291748e+04 2.443759857083273120e+06 2.738503958345603896e+05 -7.497219046783447084e+03 1.203274483459854091e+05 -3.717544523428344983e+05 5.173286319992065546e+04 -6.531460290434646886e+05 3.981161199941826053e+05 3.948370210241317982e+05 -4.125368249656676926e+04 -5.087182740171432670e+04 -3.978588903892993694e+05 -5.167058999819183373e+05 -3.184787233117103460e+05
2.630652988569402951e+05 -5.324244073619842311e+03 -1.148119484585380560e+05 3.873846119286346366e+05 2.738503958345603896e+05 2.737440289190368727e+06 2.987918990332031390e+05 5.306748466827392112e+05 -3.308779857080841321e+05 -6.175442826995087089e+05 -6.432501914325713878e+05 -2.086268850219726446e+05 -2.696832678955078009e+05 -3.118725798393631121e+05 1.036513742234230042e+06 2.445543326307678071e+05 3.052168414736366249e+05 -1.238486822116012452e+06
-1.732890818752384221e+05 7.015962212968826061e+05 -6.719773251295280643e+05 -7.834448154727935616e+04 -7.497219046783447084e+03 2.987918990332031390e+05 3.594576438498229720e+06 2.249318499513244606e+05 -2.265544877920532308e+05 1.018232439142456045e+06 2.567836271495819092e+05 -5.891901359683227492e+05 -5.020189555393981864e+05 -1.274960259400177019e+05 1.072885685197563143e+06 5.837879084140777559e+04 2.407927106181335403e+05 -1.161497935758705018e+06
4.087835563036823296e+05 -2.468492558854293893e+05 -4.573423518816948053e+05 1.884273414848327520e+05 1.203274483459854091e+05 5.306748466827392112e+05 2.249318499513244606e+05 4.267166726070098579e+06 1.850470192955016973e+05 -2.186423118827819708e+05 -7.049865355924987234e+05 -1.636739923116302525e+05 1.600468970855712905e+04 -2.449160347109985305e+05 1.720696432846069365e+04 5.325014827616501134e+05 7.901448999331283849e+05 -1.124646426155319205e+06
-1.065189968072891206e+05 -5.994584549989700463e+03 -5.927237761596679775e+04 2.825116832050323501e+04 -3.717544523428344983e+05 -3.308779857080841321e+05 -2.265544877920532308e+05 1.850470192955016973e+05 3.736286362813568208e+06 4.214857446805572254e+05 3.092721106894683908e+05 -1.304339857250976493e+05 -1.990815112593841623e+05 -9.745510742454529100e+04 -1.717100983661270002e+05 -3.428489647873306531e+05 7.351166464918326819e+05 1.725313035228538560e+06
-2.140394449846172356e+05 -7.327119412370682403e+04 -6.859918144456100417e+05 -1.711607949264907802e+05 5.173286319992065546e+04 -6.175442826995087089e+05 1.018232439142456045e+06 -2.186423118827819708e+05 4.214857446805572254e+05 5.013560088024444878e+06 -1.832520865821075568e+05 -1.128132121930389432e+06 -6.236000874419403262e+05 1.009452048803901649e+06 -2.389950275149154768e+05 1.209900753345107951e+05 -1.607737495168590453e+06 -2.017806791965370066e+06
5.098536132919120719e+05 8.664608013914107869e+04 -1.294341212511062622e+04 -6.918787885865020799e+05 -6.531460290434646886e+05 -6.432501914325713878e+05 2.567836271495819092e+05 -7.049865355924987234e+05 3.092721106894683908e+05 -1.832520865821075568e+05 5.108629814422531053e+06 4.496654772674560809e+04 2.956847171429443406e+05 3.503260940178680466e+05 -1.164751243350677425e+06 -9.062981190867233090e+05 2.080201372343502007e+06 3.259104730739593506e+05
-2.512147940409278963e+05 -5.069894620989132090e+05 3.463390177922344301e+05 -1.117710741959953302e+05 3.981161199941826053e+05 -2.086268850219726446e+05 -5.891901359683227492e+05 -1.636739923116302525e+05 -1.304339857250976493e+05 -1.128132121930389432e+06 4.496654772674560809e+04 4.841208674521064386e+06 3.608074819260406657e+05 -8.591712336625671014e+05 -7.074362802371979342e+04 1.805363163701820304e+05 1.315845078933334444e+06 1.264296729098281823e+06
-5.847669591911601601e+05 2.556068854623699153e+05 -3.667531095779514289e+05 1.017172964518547087e+05 3.948370210241317982e+05 -2.696832678955078009e+05 -5.020189555393981864e+05 1.600468970855712905e+04 -1.990815112593841623e+05 -6.236000874419403262e+05 2.956847171429443406e+05 3.608074819260406657e+05 1.002416793014808558e+07 1.190165226001796778e+06 -5.082143611696243170e+05 2.243571572134780872e+05 1.820407251374158775e+06 -2.491408673721084371e+06
3.563844356371879257e+04 1.773433163436698960e+05 2.759709862304592389e+05 -2.379456524854660165e+04 -4.125368249656676926e+04 -3.118725798393631121e+05 -1.274960259400177019e+05 -2.449160347109985305e+05 -9.745510742454529100e+04 1.009452048803901649e+06 3.503260940178680466e+05 -8.591712336625671014e+05 1.190165226001796778e+06 6.514106532425250858e+06 -1.358296896299228771e+06 1.137217558315086353e+05 7.220286531334018800e+05 -3.211582962328376714e+06
-2.822711122139239451e+05 2.416253910537672054e+05 -8.312882147437620442e+05 9.115248971884632483e+05 -5.087182740171432670e+04 1.036513742234230042e+06 1.072885685197563143e+06 1.720696432846069365e+04 -1.717100983661270002e+05 -2.389950275149154768e+05 -1.164751243350677425e+06 -7.074362802371979342e+04 -5.082143611696243170e+05 -1.358296896299228771e+06 7.178038591832542792e+06 -1.322838949017820414e+06 -1.060582086290759966e+06 -1.047667916859397897e+06
6.053929694699764514e+04 -3.128890462635326548e+05 2.414967663940572820e+05 -4.614159226284599281e+05 -3.978588903892993694e+05 2.445543326307678071e+05 5.837879084140777559e+04 5.325014827616501134e+05 -3.428489647873306531e+05 1.209900753345107951e+05 -9.062981190867233090e+05 1.805363163701820304e+05 2.243571572134780872e+05 1.137217558315086353e+05 -1.322838949017820414e+06 6.890220635708427057e+06 -2.630218265366363339e+05 -1.838310772881603334e+06
2.131733110009503434e+05 5.418677629296540981e+05 -6.850669362488079350e+05 -4.053557131310320110e+05 -5.167058999819183373e+05 3.052168414736366249e+05 2.407927106181335403e+05 7.901448999331283849e+05 7.351166464918326819e+05 -1.607737495168590453e+06 2.080201372343502007e+06 1.315845078933334444e+06 1.820407251374158775e+06 7.220286531334018800e+05 -1.060582086290759966e+06 -2.630218265366363339e+05 1.356173825632634573e+07 -1.163410919149761088e+06
1.173307012927365256e+06 -1.452209677927494049e+06 7.746921013064289000e+05 9.132291764301680960e+05 -3.184787233117103460e+05 -1.238486822116012452e+06 -1.161497935758705018e+06 -1.124646426155319205e+06 1.725313035228538560e+06 -2.017806791965370066e+06 3.259104730739593506e+05 1.264296729098281823e+06 -2.491408673721084371e+06 -3.211582962328376714e+06 -1.047667916859397897e+06 -1.838310772881603334e+06 -1.163410919149761088e+06 2.677846552048931271e+07
