[cholesky_nz]var_bias           =  0.0000071445 0.0000085854 0.0000057399 0.0000072020 0.0000161564 0.0000330607
var_width          =  0.0007620735 0.0012092256 0.0006887417 0.0007849145 0.0017433654 0.0023459069
covar_bias_width   =  0.0000411608 -0.0000600043 0.0000182458 -0.0000182024 0.0000158703 -0.0000761761
mean_bias          =  -0.0096279498 -0.0087811608 -0.0046903400 -0.0074379702 0.0012058393 0.0097307976
mean_width         =  0.9756186141 1.0767645942 0.8733111289 0.9156839292 1.0775451220 0.8500460898
