7.113813602973747766e+05 6.948658104503632057e+04 -1.329509755393409578e+05 -1.411164173288726888e+05 -1.542078834566116348e+04 -2.730257108322143322e+05 -1.654703409349250724e+05 4.508943979856300284e+05 -2.761194094579124358e+05 3.431829870481682010e+05 -1.292920275408268026e+04
6.948658104503632057e+04 3.414639741040077060e+06 6.682335644531250182e+03 -5.489346039546203101e+05 -2.648842241713714320e+05 -1.969185940837097005e+05 -2.394957239840698312e+05 4.574154442538451985e+05 -1.619775660975265491e+05 8.814135409126281957e+03 -7.834142985181045951e+05
-1.329509755393409578e+05 6.682335644531250182e+03 3.318144519505462609e+06 3.942538730584716541e+05 -3.726888437576293654e+04 -5.888534376873779111e+05 -5.066111499224853469e+05 -1.129044465527343709e+05 -7.835467911225127755e+05 -4.052974467820358113e+05 -3.216268313659286359e+05
-1.411164173288726888e+05 -5.489346039546203101e+05 3.942538730584716541e+05 6.739175028444213793e+06 -5.521433771475219401e+05 1.148444725458526518e+06 -1.940345929618835507e+05 5.642838815322875598e+04 -5.280138059298705775e+05 -5.436899010564422933e+05 -1.767292053258705128e+05
-1.542078834566116348e+04 -2.648842241713714320e+05 -3.726888437576293654e+04 -5.521433771475219401e+05 2.909219379967804067e+06 -6.223388703964232991e+04 -3.199161666961669689e+05 -8.157036632354736503e+04 2.585031501296997158e+04 -3.196721816825866699e+04 2.863650839757728390e+05
-2.730257108322143322e+05 -1.969185940837097005e+05 -5.888534376873779111e+05 1.148444725458526518e+06 -6.223388703964232991e+04 5.689013256088714115e+06 -1.142350360249328660e+05 -6.459503116635131883e+05 -4.323698670162963681e+05 -4.914215596273040865e+05 3.745840006435776013e+05
-1.654703409349250724e+05 -2.394957239840698312e+05 -5.066111499224853469e+05 -1.940345929618835507e+05 -3.199161666961669689e+05 -1.142350360249328660e+05 4.098399081965331919e+06 1.083674972543334879e+05 -3.731145800578307826e+05 -2.964179116361617926e+05 6.129778657911300252e+04
4.508943979856300284e+05 4.574154442538451985e+05 -1.129044465527343709e+05 5.642838815322875598e+04 -8.157036632354736503e+04 -6.459503116635131883e+05 1.083674972543334879e+05 5.767610376648559235e+06 8.042832134980773553e+05 7.026236454600906000e+05 -2.199474396017646650e+05
-2.761194094579124358e+05 -1.619775660975265491e+05 -7.835467911225127755e+05 -5.280138059298705775e+05 2.585031501296997158e+04 -4.323698670162963681e+05 -3.731145800578307826e+05 8.042832134980773553e+05 7.454124299380187877e+06 1.618208469078826893e+05 -5.999431483202076051e+05
3.431829870481682010e+05 8.814135409126281957e+03 -4.052974467820358113e+05 -5.436899010564422933e+05 -3.196721816825866699e+04 -4.914215596273040865e+05 -2.964179116361617926e+05 7.026236454600906000e+05 1.618208469078826893e+05 4.609343827848758548e+06 4.450930905408525141e+05
-1.292920275408268026e+04 -7.834142985181045951e+05 -3.216268313659286359e+05 -1.767292053258705128e+05 2.863650839757728390e+05 3.745840006435776013e+05 6.129778657911300252e+04 -2.199474396017646650e+05 -5.999431483202076051e+05 4.450930905408525141e+05 3.790011579002337530e+06
