var_bias           =  0.0000201703 0.0000448364 0.0000101595 0.0000094465 0.0000320864 0.0000297721
var_width          =  0.0022649396 0.0048433837 0.0014122613 0.0010134358 0.0033962508 0.0040336753
covar_bias_width   =  0.0001207384 -0.0003418389 0.0000754247 -0.0000090477 0.0000786493 0.0000402255
mean_bias          =  -0.0086671965 -0.0128343558 -0.0067426616 -0.0072620143 0.0081763997 0.0141574577
mean_width         =  0.9902225923 1.1398160593 0.8760006620 0.9253349435 1.2157489972 0.7935435095
