3.632425375902783591e+06 -6.552897130716079846e+05 1.207971840463028057e+06 4.578424284350752714e+05 -2.393423010775136936e+05 -1.840333932190561318e+05 -5.372115837300110143e+05 -4.498681895765733789e+05 4.084423751385784126e+05 3.712748640669250744e+05 -1.606268940855503024e+04 -2.416367749727296759e+05 3.144967863323164056e+05 2.632482949691247777e+05 1.024145781084322953e+05 -1.569843065322518305e+04 -3.014867767187511781e+05 -1.321795206635123468e+05
-6.552897130716079846e+05 2.576245263240573462e+06 -3.726708210021972773e+05 1.451950495273017732e+05 -2.261467881350755633e+05 -1.336331025781917619e+06 3.594495030341720558e+05 6.643849711383819522e+04 -1.218348014541091863e+06 -8.627589919536780799e+05 8.562741276884078616e+03 -4.942672091756343725e+05 4.932000676419639494e+05 -6.952215249932670267e+05 4.418466603023529024e+04 -1.840415613775920938e+05 3.173298422620511265e+05 -2.193426867042303202e+05
1.207971840463028057e+06 -3.726708210021972773e+05 3.527981173146328889e+06 6.613898327522849431e+05 -3.148593066526794573e+05 1.903924611553573632e+05 -5.937433878979110159e+05 -3.427666814039612073e+05 4.894530112192154047e+05 1.471454385349273798e+05 1.982471027069091861e+03 4.486686873510360601e+05 1.786290854375266936e+05 -1.672845806649971055e+05 4.209782512649345445e+05 4.485397631938934501e+04 -4.319201962866783106e+03 8.461606552798748453e+03
4.578424284350752714e+05 1.451950495273017732e+05 6.613898327522849431e+05 6.286369428842067719e+06 -6.156901128045272781e+05 -8.464401089730834356e+05 -1.550641929281844990e+06 7.953897106102752732e+05 -1.546608160097122192e+06 1.034959085962028475e+06 2.603563451573181082e+05 -7.616538493148803245e+05 2.786139934713363764e+05 -6.301641788587188348e+05 -9.090564244580840459e+05 -2.686134695294380072e+05 7.205849663588333642e+05 6.595925907005738700e+05
-2.393423010775136936e+05 -2.261467881350755633e+05 -3.148593066526794573e+05 -6.156901128045272781e+05 3.326370372026367113e+06 -1.606959333111648448e+06 2.614407554704284703e+05 -3.143174716735839684e+04 9.350723582185363630e+05 -8.083532872876739129e+05 -4.663846458338928060e+05 7.371680671739960089e+05 -5.871412197262573754e+05 3.207649306640624854e+04 3.964164152755737305e+05 2.788533730422591907e+05 3.156016418260860373e+05 -1.984150710974693357e+04
-1.840333932190561318e+05 -1.336331025781917619e+06 1.903924611553573632e+05 -8.464401089730834356e+05 -1.606959333111648448e+06 1.113715625692703202e+07 1.257726012532196008e+06 -6.158489776185607770e+05 -5.797703874971008627e+05 3.031617272663726937e+06 5.804796444433593424e+05 6.735057815519714495e+05 2.901265185978698428e+05 -2.887910051687622326e+05 -6.556433914819335332e+05 -9.740672731143950659e+04 4.424365084101677057e+05 -2.319338041146469186e+05
-5.372115837300110143e+05 3.594495030341720558e+05 -5.937433878979110159e+05 -1.550641929281844990e+06 2.614407554704284703e+05 1.257726012532196008e+06 8.043831277540740557e+06 9.296604703921509208e+05 -2.242566242097473005e+05 -5.267623758370971773e+05 -6.239992110946655739e+05 -1.868823900178527692e+05 -9.217861307130431524e+05 8.308720391294860747e+05 1.043371212094116199e+05 -1.674066572698974516e+06 -5.392988332623481983e+05 -3.623369168611621717e+05
-4.498681895765733789e+05 6.643849711383819522e+04 -3.427666814039612073e+05 7.953897106102752732e+05 -3.143174716735839684e+04 -6.158489776185607770e+05 9.296604703921509208e+05 4.699230405283356085e+06 4.824403192131042597e+05 1.504176699256896973e+05 6.008926882269287016e+05 -2.199780369648742781e+05 -7.557107415916442405e+05 -6.305918001031493768e+05 -6.215373935966491699e+05 2.165425322947311506e+05 -5.375313103676604806e+05 3.774925583984756377e+05
4.084423751385784126e+05 -1.218348014541091863e+06 4.894530112192154047e+05 -1.546608160097122192e+06 9.350723582185363630e+05 -5.797703874971008627e+05 -2.242566242097473005e+05 4.824403192131042597e+05 1.037374903912033141e+07 1.817052068614196905e+05 6.262466450866698870e+04 2.500111161474609398e+05 -7.915350127738952870e+05 -1.786932403511352604e+06 -3.650350621989440988e+05 3.612902029372787219e+05 -5.491286661569594871e+05 1.383976283635711588e+05
3.712748640669250744e+05 -8.627589919536780799e+05 1.471454385349273798e+05 1.034959085962028475e+06 -8.083532872876739129e+05 3.031617272663726937e+06 -5.267623758370971773e+05 1.504176699256896973e+05 1.817052068614196905e+05 6.374804850039825775e+06 8.519191814176940825e+05 2.295157314825439535e+05 -8.409882406819153111e+05 -1.122736391757202073e+05 -5.713878066057586111e+05 4.290377044197464129e+05 -5.643416868461608829e+04 -1.053788806807422661e+05
-1.606268940855503024e+04 8.562741276884078616e+03 1.982471027069091861e+03 2.603563451573181082e+05 -4.663846458338928060e+05 5.804796444433593424e+05 -6.239992110946655739e+05 6.008926882269287016e+05 6.262466450866698870e+04 8.519191814176940825e+05 4.172710858488006517e+06 5.963130266960907029e+05 -6.589062586669922166e+04 -1.152086033693847712e+06 -3.903084224073028308e+05 -2.133305280100250093e+05 -8.040691663278579654e+04 3.184504124553108122e+05
-2.416367749727296759e+05 -4.942672091756343725e+05 4.486686873510360601e+05 -7.616538493148803245e+05 7.371680671739960089e+05 6.735057815519714495e+05 -1.868823900178527692e+05 -2.199780369648742781e+05 2.500111161474609398e+05 2.295157314825439535e+05 5.963130266960907029e+05 3.583555516987838782e+06 -4.586846037320709438e+05 8.139069763824463007e+04 9.644095200160216773e+05 2.774939905274963239e+05 2.728113112418747041e+05 2.252560797909736721e+04
3.144967863323164056e+05 4.932000676419639494e+05 1.786290854375266936e+05 2.786139934713363764e+05 -5.871412197262573754e+05 2.901265185978698428e+05 -9.217861307130431524e+05 -7.557107415916442405e+05 -7.915350127738952870e+05 -8.409882406819153111e+05 -6.589062586669922166e+04 -4.586846037320709438e+05 4.478093049314575270e+06 6.690488407903289190e+05 6.394638289595032111e+05 -2.255817740370941174e+05 6.542177619776343927e+05 4.731111238064289209e+05
2.632482949691247777e+05 -6.952215249932670267e+05 -1.672845806649971055e+05 -6.301641788587188348e+05 3.207649306640624854e+04 -2.887910051687622326e+05 8.308720391294860747e+05 -6.305918001031493768e+05 -1.786932403511352604e+06 -1.122736391757202073e+05 -1.152086033693847712e+06 8.139069763824463007e+04 6.690488407903289190e+05 5.993793047905197367e+06 1.639430799114990281e+06 -1.343969762317657478e+04 -2.339119941727065889e+05 3.136834940827560495e+05
1.024145781084322953e+05 4.418466603023529024e+04 4.209782512649345445e+05 -9.090564244580840459e+05 3.964164152755737305e+05 -6.556433914819335332e+05 1.043371212094116199e+05 -6.215373935966491699e+05 -3.650350621989440988e+05 -5.713878066057586111e+05 -3.903084224073028308e+05 9.644095200160216773e+05 6.394638289595032111e+05 1.639430799114990281e+06 4.369282325415114872e+06 8.548760189578628633e+05 -5.214848740301513462e+05 -2.196635393491458963e+05
-1.569843065322518305e+04 -1.840415613775920938e+05 4.485397631938934501e+04 -2.686134695294380072e+05 2.788533730422591907e+05 -9.740672731143950659e+04 -1.674066572698974516e+06 2.165425322947311506e+05 3.612902029372787219e+05 4.290377044197464129e+05 -2.133305280100250093e+05 2.774939905274963239e+05 -2.255817740370941174e+05 -1.343969762317657478e+04 8.548760189578628633e+05 2.335754870056943968e+06 -7.318942573245048698e+04 -2.376304692648839846e+05
-3.014867767187511781e+05 3.173298422620511265e+05 -4.319201962866783106e+03 7.205849663588333642e+05 3.156016418260860373e+05 4.424365084101677057e+05 -5.392988332623481983e+05 -5.375313103676604806e+05 -5.491286661569594871e+05 -5.643416868461608829e+04 -8.040691663278579654e+04 2.728113112418747041e+05 6.542177619776343927e+05 -2.339119941727065889e+05 -5.214848740301513462e+05 -7.318942573245048698e+04 2.090251640509242890e+06 4.050121154642200563e+05
-1.321795206635123468e+05 -2.193426867042303202e+05 8.461606552798748453e+03 6.595925907005738700e+05 -1.984150710974693357e+04 -2.319338041146469186e+05 -3.623369168611621717e+05 3.774925583984756377e+05 1.383976283635711588e+05 -1.053788806807422661e+05 3.184504124553108122e+05 2.252560797909736721e+04 4.731111238064289209e+05 3.136834940827560495e+05 -2.196635393491458963e+05 -2.376304692648839846e+05 4.050121154642200563e+05 1.887774734105390264e+06
