8.014859361198234838e+05 -7.982125453840613773e+04 -4.069338385380506224e+04 2.336941189813542296e+05 -2.423342381569862482e+04 -7.338252884892225848e+04 1.472431006173992064e+05 2.244051601813888410e+05 -2.438858204333782123e+04 -4.032425719914436195e+04 3.527448974643802503e+05 3.578246132629394560e+04 -1.670738778906440712e+05 -3.829282172939300654e+04 -9.128838153848648653e+04 -2.890128304936409040e+04 -6.847781342453956313e+03 5.269908911622047162e+04 7.443567788681029924e+04 1.492093703549721686e+05 -3.882815959546252998e+04 -1.144232680276393876e+04 1.634001552895992936e+05
-7.982125453840613773e+04 8.448948893960523419e+05 1.498312033646106720e+05 4.291548131946086505e+04 -1.682391174330425274e+05 -7.852755646969556983e+04 -1.441281114911556360e+05 -1.441120273768329644e+05 -2.133639014840984310e+05 -4.431103479972839123e+05 -8.853712421075820748e+04 2.877324255079650902e+05 1.510482198080634989e+05 -5.975644627312660305e+04 8.867640688831328589e+04 -3.823410129318237159e+04 1.180931500730037660e+05 -5.664637924195289816e+04 8.869093115011096234e+04 -2.041798736886262850e+04 -5.337105719349928404e+04 -1.262990198423320107e+05 -4.189276608724593825e+04
-4.069338385380506224e+04 1.498312033646106720e+05 8.478517903123998549e+05 5.896722851909637393e+04 2.113198491461277081e+04 2.352036811916828356e+03 -8.316968978918551875e+04 1.521582088860797812e+05 -1.548313341070461320e+05 -3.663192178504371550e+05 -4.797417255506515357e+04 -7.128352024148941564e+04 -9.692198626499175589e+03 -1.199857260503196740e+05 8.906474009845733235e+04 6.886205778350829496e+04 1.654073273295593390e+05 9.249042763838768587e+04 3.708554423117637384e+02 -2.280675164279115270e+05 2.210263504745379905e+05 -1.998923325675558881e+05 1.727819307037031685e+05
2.336941189813542296e+05 4.291548131946086505e+04 5.896722851909637393e+04 1.132062864423594438e+06 -1.432388581942892051e+05 -5.995969700973987347e+04 1.959769390560149986e+04 1.825606815741348255e+05 5.515214785280227807e+04 2.117999618215370283e+05 3.431493353131485055e+05 -2.001889479662704398e+05 -1.037011496472358704e+05 -1.741741227649498032e+05 -3.197521023522376781e+05 -2.088787779354858503e+05 -6.078712078382491745e+04 1.121203091123485501e+05 -1.827378068040347134e+05 1.676548997691893601e+05 -1.061388863308158470e+05 1.317205102475023305e+05 -5.114943966575861123e+04
-2.423342381569862482e+04 -1.682391174330425274e+05 2.113198491461277081e+04 -1.432388581942892051e+05 1.137032518893520813e+06 1.430268437635946320e+05 5.906177621555328869e+02 1.960370627185821650e+05 8.539459393155097496e+04 -1.171544924819469452e+05 -6.110753216669082758e+04 2.035373523896598781e+05 -2.070867564344215498e+05 1.279350251185226371e+05 -2.539228543498992804e+04 -3.738329592046737525e+04 -2.833377440820694028e+04 1.300525238547420449e+05 6.797378801493287028e+04 -1.088956822377133358e+05 1.123402189878467470e+05 -7.137590462749957805e+04 2.483027010295665241e+05
-7.338252884892225848e+04 -7.852755646969556983e+04 2.352036811916828356e+03 -5.995969700973987347e+04 1.430268437635946320e+05 1.049427247379601002e+06 -1.047745586314201319e+04 3.155181522531509472e+04 5.764676478830337146e+04 -1.845813129009246768e+05 -2.484328016202449799e+05 -1.630793909479236463e+05 -1.595617022205161920e+05 -1.980828556648063532e+05 -2.417738045910644578e+05 1.296876992160415684e+05 -9.531347642526627169e+04 -9.365307571858406300e+04 2.158347165511107305e+05 -2.241766331343412457e+04 4.883265999078735331e+04 1.807112168351894652e+05 4.519491063547610975e+04
1.472431006173992064e+05 -1.441281114911556360e+05 -8.316968978918551875e+04 1.959769390560149986e+04 5.906177621555328869e+02 -1.047745586314201319e+04 8.831170349689292489e+05 3.184019838947296012e+04 -6.297903199195861816e+02 2.719451016018676455e+05 -1.053086045340728742e+05 6.896153007133484061e+04 -2.405139784792327846e+05 -3.217411831486129668e+05 3.040921952819824128e+03 -1.191785436704635649e+05 1.006139019699096752e+04 1.102487239965248154e+05 -7.300661548885345110e+04 -2.857570996489048048e+04 -6.430258971577852935e+04 1.296326718582129397e+05 -8.120757050761699793e+04
2.244051601813888410e+05 -1.441120273768329644e+05 1.521582088860797812e+05 1.825606815741348255e+05 1.960370627185821650e+05 3.155181522531509472e+04 3.184019838947296012e+04 1.483649599479503697e+06 1.239003022793197597e+05 2.074854907229232776e+05 9.528254297561645217e+03 -2.630673006509399274e+05 -6.459784231029510556e+04 4.763548097877502187e+03 2.652786082723617437e+05 2.511292228702926659e+05 -1.245525521573638835e+05 -1.655692215713882470e+05 2.699442544381141779e+05 1.943653653210997581e+05 6.353048355036645808e+04 8.253713455152511597e+04 1.923136182427883032e+05
-2.438858204333782123e+04 -2.133639014840984310e+05 -1.548313341070461320e+05 5.515214785280227807e+04 8.539459393155097496e+04 5.764676478830337146e+04 -6.297903199195861816e+02 1.239003022793197597e+05 1.843745874254379189e+06 9.106909684249878046e+04 2.111913420117187488e+05 1.881903517640304635e+05 3.305710157890319533e+04 -9.854537410594940593e+04 -1.534833526945495687e+05 1.952948346717453096e+05 -2.867096698482513311e+05 -6.344073327941894604e+03 1.761947741768503038e+05 1.241712518183255161e+05 -8.391026439686358208e+04 1.619514199101877166e+05 2.004045877662849380e+05
-4.032425719914436195e+04 -4.431103479972839123e+05 -3.663192178504371550e+05 2.117999618215370283e+05 -1.171544924819469452e+05 -1.845813129009246768e+05 2.719451016018676455e+05 2.074854907229232776e+05 9.106909684249878046e+04 3.052002655614509713e+06 1.559170522461319051e+05 -4.169837340541076846e+05 -7.283091370330810314e+05 -9.298249085975646449e+04 -3.619135977882385487e+05 3.747530179993057391e+05 -2.579575072813796869e+05 -1.353732074392318609e+05 -2.344040168471431825e+05 -2.420588051635622978e+05 -3.462871524851766299e+05 3.657910274333095294e+05 -4.925576921088695235e+04
3.527448974643802503e+05 -8.853712421075820748e+04 -4.797417255506515357e+04 3.431493353131485055e+05 -6.110753216669082758e+04 -2.484328016202449799e+05 -1.053086045340728742e+05 9.528254297561645217e+03 2.111913420117187488e+05 1.559170522461319051e+05 2.383434443762512412e+06 -2.660464367530059535e+05 2.506461618939971959e+05 -2.946984016738128848e+05 -1.597634000731658889e+05 -2.854324761444854666e+05 9.021544917572021950e+04 -2.444935483324813831e+05 -1.959479937415265886e+05 1.861172562030887639e+05 -1.410420753127822245e+05 -3.682390081420040224e+05 4.692760073800134705e+05
3.578246132629394560e+04 2.877324255079650902e+05 -7.128352024148941564e+04 -2.001889479662704398e+05 2.035373523896598781e+05 -1.630793909479236463e+05 6.896153007133484061e+04 -2.630673006509399274e+05 1.881903517640304635e+05 -4.169837340541076846e+05 -2.660464367530059535e+05 3.324786920623168815e+06 2.401994027162933198e+05 4.033210658992767567e+05 4.755096713534545852e+05 -2.415160377596282924e+05 1.501031440660858061e+05 2.435239771620941174e+05 -2.759537756726789521e+05 -2.927390858086108929e+05 -3.188891708226174160e+04 -3.185004341659069178e+04 -1.401193861673641077e+05
-1.670738778906440712e+05 1.510482198080634989e+05 -9.692198626499175589e+03 -1.037011496472358704e+05 -2.070867564344215498e+05 -1.595617022205161920e+05 -2.405139784792327846e+05 -6.459784231029510556e+04 3.305710157890319533e+04 -7.283091370330810314e+05 2.506461618939971959e+05 2.401994027162933198e+05 2.050082086683883565e+06 4.314868748966216808e+05 4.480602269664001651e+05 -8.576304388481139904e+04 -1.496801200918579125e+05 -6.131065301971435474e+03 -2.623432803368568420e+04 2.533903284294319164e+05 -5.660054696776271157e+04 -2.742012312269639806e+05 -4.735211309087276459e+04
-3.829282172939300654e+04 -5.975644627312660305e+04 -1.199857260503196740e+05 -1.741741227649498032e+05 1.279350251185226371e+05 -1.980828556648063532e+05 -3.217411831486129668e+05 4.763548097877502187e+03 -9.854537410594940593e+04 -9.298249085975646449e+04 -2.946984016738128848e+05 4.033210658992767567e+05 4.314868748966216808e+05 2.459383486291351262e+06 3.671809752227783320e+05 2.187367817596435634e+04 -1.377152865513610886e+05 -1.113641050036239612e+05 3.528908199367046473e+04 -7.612145597220181662e+04 3.655768561036884785e+04 1.236256496885347296e+05 7.496205481156826136e+04
-9.128838153848648653e+04 8.867640688831328589e+04 8.906474009845733235e+04 -3.197521023522376781e+05 -2.539228543498992804e+04 -2.417738045910644578e+05 3.040921952819824128e+03 2.652786082723617437e+05 -1.534833526945495687e+05 -3.619135977882385487e+05 -1.597634000731658889e+05 4.755096713534545852e+05 4.480602269664001651e+05 3.671809752227783320e+05 1.846753409493484534e+06 2.249442898324584821e+05 -1.664839889167785805e+04 -1.774280204787826515e+05 -2.061854676272392389e+05 -4.227675164158343978e+04 1.976316596912652312e+05 2.328336512449979782e+05 -2.401613483610820840e+05
-2.890128304936409040e+04 -3.823410129318237159e+04 6.886205778350829496e+04 -2.088787779354858503e+05 -3.738329592046737525e+04 1.296876992160415684e+05 -1.191785436704635649e+05 2.511292228702926659e+05 1.952948346717453096e+05 3.747530179993057391e+05 -2.854324761444854666e+05 -2.415160377596282924e+05 -8.576304388481139904e+04 2.187367817596435634e+04 2.249442898324584821e+05 1.930737739732360933e+06 1.366713456001281738e+05 -1.494211639038848807e+05 2.309454863756704435e+05 -6.704194069011927058e+04 9.466193221535325574e+04 2.243423542164230312e+05 2.527941075525569904e+05
-6.847781342453956313e+03 1.180931500730037660e+05 1.654073273295593390e+05 -6.078712078382491745e+04 -2.833377440820694028e+04 -9.531347642526627169e+04 1.006139019699096752e+04 -1.245525521573638835e+05 -2.867096698482513311e+05 -2.579575072813796869e+05 9.021544917572021950e+04 1.501031440660858061e+05 -1.496801200918579125e+05 -1.377152865513610886e+05 -1.664839889167785805e+04 1.366713456001281738e+05 1.058671031361122150e+06 2.066286724457931414e+05 6.655315835224628972e+04 1.681149847712516703e+03 -1.030774789146155090e+05 -2.735528483187961392e+05 -6.245894188858509006e+04
5.269908911622047162e+04 -5.664637924195289816e+04 9.249042763838768587e+04 1.121203091123485501e+05 1.300525238547420449e+05 -9.365307571858406300e+04 1.102487239965248154e+05 -1.655692215713882470e+05 -6.344073327941894604e+03 -1.353732074392318609e+05 -2.444935483324813831e+05 2.435239771620941174e+05 -6.131065301971435474e+03 -1.113641050036239612e+05 -1.774280204787826515e+05 -1.494211639038848807e+05 2.066286724457931414e+05 2.139322453216266818e+06 -8.236673811103821208e+04 -1.056417327202320157e+05 1.752957382952633488e+05 6.037364004597187159e+04 1.976585575759792409e+05
7.443567788681029924e+04 8.869093115011096234e+04 3.708554423117637384e+02 -1.827378068040347134e+05 6.797378801493287028e+04 2.158347165511107305e+05 -7.300661548885345110e+04 2.699442544381141779e+05 1.761947741768503038e+05 -2.344040168471431825e+05 -1.959479937415265886e+05 -2.759537756726789521e+05 -2.623432803368568420e+04 3.528908199367046473e+04 -2.061854676272392389e+05 2.309454863756704435e+05 6.655315835224628972e+04 -8.236673811103821208e+04 1.535019980795432813e+06 1.347601722233274486e+05 5.127529559152364527e+04 -2.108191688774889626e+05 1.033436008360379928e+05
1.492093703549721686e+05 -2.041798736886262850e+04 -2.280675164279115270e+05 1.676548997691893601e+05 -1.088956822377133358e+05 -2.241766331343412457e+04 -2.857570996489048048e+04 1.943653653210997581e+05 1.241712518183255161e+05 -2.420588051635622978e+05 1.861172562030887639e+05 -2.927390858086108929e+05 2.533903284294319164e+05 -7.612145597220181662e+04 -4.227675164158343978e+04 -6.704194069011927058e+04 1.681149847712516703e+03 -1.056417327202320157e+05 1.347601722233274486e+05 1.473403004819931230e+06 -1.770296843889232259e+05 1.434712431179881150e+03 -1.201992946792763396e+05
-3.882815959546252998e+04 -5.337105719349928404e+04 2.210263504745379905e+05 -1.061388863308158470e+05 1.123402189878467470e+05 4.883265999078735331e+04 -6.430258971577852935e+04 6.353048355036645808e+04 -8.391026439686358208e+04 -3.462871524851766299e+05 -1.410420753127822245e+05 -3.188891708226174160e+04 -5.660054696776271157e+04 3.655768561036884785e+04 1.976316596912652312e+05 9.466193221535325574e+04 -1.030774789146155090e+05 1.752957382952633488e+05 5.127529559152364527e+04 -1.770296843889232259e+05 1.167817747887473553e+06 -7.893223636582866675e+03 4.885162230522338359e+04
-1.144232680276393876e+04 -1.262990198423320107e+05 -1.998923325675558881e+05 1.317205102475023305e+05 -7.137590462749957805e+04 1.807112168351894652e+05 1.296326718582129397e+05 8.253713455152511597e+04 1.619514199101877166e+05 3.657910274333095294e+05 -3.682390081420040224e+05 -3.185004341659069178e+04 -2.742012312269639806e+05 1.236256496885347296e+05 2.328336512449979782e+05 2.243423542164230312e+05 -2.735528483187961392e+05 6.037364004597187159e+04 -2.108191688774889626e+05 1.434712431179881150e+03 -7.893223636582866675e+03 2.267573002103138715e+06 -2.751273421507671592e+05
1.634001552895992936e+05 -4.189276608724593825e+04 1.727819307037031685e+05 -5.114943966575861123e+04 2.483027010295665241e+05 4.519491063547610975e+04 -8.120757050761699793e+04 1.923136182427883032e+05 2.004045877662849380e+05 -4.925576921088695235e+04 4.692760073800134705e+05 -1.401193861673641077e+05 -4.735211309087276459e+04 7.496205481156826136e+04 -2.401613483610820840e+05 2.527941075525569904e+05 -6.245894188858509006e+04 1.976585575759792409e+05 1.033436008360379928e+05 -1.201992946792763396e+05 4.885162230522338359e+04 -2.751273421507671592e+05 1.754566899258472258e+06
