[cholesky_nz]var_bias           =  0.0000203859 0.0000315041 0.0000133331 0.0000103893 0.0000250962 0.0000486905
var_width          =  0.0021744703 0.0044372395 0.0015998728 0.0011322752 0.0027080318 0.0034549641
covar_bias_width   =  0.0001174467 -0.0002201850 0.0000423831 -0.0000262578 0.0000246519 -0.0001121893
mean_bias          =  -0.0096279498 -0.0087811608 -0.0046903400 -0.0074379702 0.0012058393 0.0097307976
mean_width         =  0.9756186141 1.0767645942 0.8733111289 0.9156839292 1.0775451220 0.8500460898
