2.092846683030284708e+06 3.253068197044086410e+05 -8.232988149288296700e+04 3.190211345501303440e+05 1.526175919924306800e+05 -1.584534450347113598e+05 1.906300795155286905e+05 -2.675180189266204980e+04 -3.122854150340080378e+04 4.567534374315261957e+05 -2.640472898488425999e+05 1.861958666392135492e+05 -1.158887861793422635e+05 -2.584633296443080762e+05 -1.728809253651008476e+06 4.828236674377584131e+05 2.995344247564083198e+05 -1.977457684099799371e+05 1.027317912199698621e+06 1.809356236019611242e+04
3.253068197044086410e+05 2.174576525551025756e+06 -3.905824367157697998e+04 -2.945070232051849234e+04 9.351917947239875502e+04 7.091073634118199698e+04 6.662726979722500255e+04 -4.433516813976573758e+05 -3.602104325486183370e+04 1.340286052820491896e+05 -5.976554206410598708e+05 -1.041271743257617927e+05 -6.113404382109260187e+05 3.702834915071010619e+04 -6.779664177639054833e+05 -2.700624840680837515e+05 -1.115819718705743617e+04 -9.038471855684579350e+05 1.485862387854784611e+05 5.498380124774050200e+05
-8.232988149288296700e+04 -3.905824367157697998e+04 1.804056708914276445e+06 2.861547646520376293e+04 -2.919303916761446162e+05 1.703880130542683473e+05 -1.625734788192272208e+04 1.603477947215080167e+04 -3.931291519447803730e+05 7.746620706099701347e+05 -2.898179769484520075e+05 7.321502889953613339e+04 -1.221692470691142138e+06 3.804597693542432971e+05 -3.924210630600356963e+05 -2.937862480193996453e+05 2.514796285800808691e+05 -8.705193834704481997e+05 -1.026311807609097334e+06 3.250639751814007759e+05
3.190211345501303440e+05 -2.945070232051849234e+04 2.861547646520376293e+04 1.962909427608532831e+06 3.277577125639056903e+05 1.441111980808496592e+05 4.028599027211379725e+05 3.362785111975478940e+05 5.703676509593010414e+05 2.246481514108657720e+05 4.211447008138275123e+05 3.477646812599945115e+05 1.062187636808681418e+05 8.655021356746673700e+04 8.246727262010192499e+05 -1.054725721159858629e+06 -8.163639390719533549e+04 5.321655855093275895e+05 -2.405626623973989335e+05 4.788201690720033366e+05
1.526175919924306800e+05 9.351917947239875502e+04 -2.919303916761446162e+05 3.277577125639056903e+05 1.989654978833198547e+06 1.642086017482852913e+05 -1.368882086691570294e+05 -6.533837055261612113e+04 -2.110364467787933245e+05 -6.608792399898146978e+05 -7.451133647964477132e+04 7.086608436169624329e+05 7.125180631636047037e+05 2.307104670128631697e+05 -5.656373093581581488e+05 -8.897881498820686247e+05 2.926014488362526754e+05 -1.363675353313298896e+06 -5.998966569599818904e+05 4.104401825721072964e+05
-1.584534450347113598e+05 7.091073634118199698e+04 1.703880130542683473e+05 1.441111980808496592e+05 1.642086017482852913e+05 1.793555239629149437e+06 4.576994214640617138e+05 -5.309330415691566886e+05 -3.011730732904243632e+05 -4.852312005483627436e+05 -3.683484322582626482e+05 6.777464640978240641e+05 5.673418659959793149e+04 -9.076056850825309521e+05 -1.470660129141826648e+06 -6.750913614283561765e+04 -2.323590117037081800e+05 -1.352512278229526244e+06 -9.952122844759082654e+05 -1.735894711421871034e+05
1.906300795155286905e+05 6.662726979722500255e+04 -1.625734788192272208e+04 4.028599027211379725e+05 -1.368882086691570294e+05 4.576994214640617138e+05 3.197152392692184541e+06 5.363755378088378347e+05 -2.217928000794982945e+05 -4.194549128310012748e+05 -2.343197458190917969e+05 -8.676248109123230097e+04 7.520685836664963281e+05 1.320755148853397463e+06 -2.453242472615547013e+06 9.181556020646095276e+05 -3.317866933849811176e+04 -1.796903818059335928e+06 1.587077478714652127e+06 -5.678046561289787496e+04
-2.675180189266204980e+04 -4.433516813976573758e+05 1.603477947215080167e+04 3.362785111975478940e+05 -6.533837055261612113e+04 -5.309330415691566886e+05 5.363755378088378347e+05 5.251144532183418050e+06 8.337164034488296602e+05 -5.155572380328369327e+05 -3.306102929015350528e+05 -8.642936777920532040e+05 -3.979183926214599633e+05 -1.540710840138244675e+05 1.061317382689132588e+06 -1.357883303211364662e+06 5.373366133885860472e+04 -5.952835618786525447e+05 2.020211167080244981e+06 2.300001243310546852e+05
-3.122854150340080378e+04 -3.602104325486183370e+04 -3.931291519447803730e+05 5.703676509593010414e+05 -2.110364467787933245e+05 -3.011730732904243632e+05 -2.217928000794982945e+05 8.337164034488296602e+05 3.818044111501922365e+06 2.341558354243469075e+05 3.711177940773010487e+05 5.762335419058226980e+05 4.325700248313903576e+05 -1.755100589580917440e+05 4.290281691325378488e+05 5.614533047050667228e+05 7.289323614521026320e+04 8.116891828104043379e+05 1.439844231618776219e+06 -5.797910292656135280e+05
4.567534374315261957e+05 1.340286052820491896e+05 7.746620706099701347e+05 2.246481514108657720e+05 -6.608792399898146978e+05 -4.852312005483627436e+05 -4.194549128310012748e+05 -5.155572380328369327e+05 2.341558354243469075e+05 1.410806355529449508e+07 1.465062974519348238e+06 4.021060382542419247e+05 1.243180988999176043e+05 -1.768595766861648532e+06 5.462352855351562612e+06 7.875767796782684745e+05 -2.476247145177268831e+05 8.729807769538020948e+05 -1.145091032011384843e+06 -3.812573541937637492e+05
-2.640472898488425999e+05 -5.976554206410598708e+05 -2.898179769484520075e+05 4.211447008138275123e+05 -7.451133647964477132e+04 -3.683484322582626482e+05 -2.343197458190917969e+05 -3.306102929015350528e+05 3.711177940773010487e+05 1.465062974519348238e+06 8.369824786260452121e+06 -1.215412022293396061e+06 1.230770568356323201e+05 8.092271427916717948e+05 2.200037696051330771e+06 -1.857870298849411076e+06 9.036632036859655054e+05 -1.674091354958031094e+06 4.782523858175754431e+05 -7.233883988663863856e+05
1.861958666392135492e+05 -1.041271743257617927e+05 7.321502889953613339e+04 3.477646812599945115e+05 7.086608436169624329e+05 6.777464640978240641e+05 -8.676248109123230097e+04 -8.642936777920532040e+05 5.762335419058226980e+05 4.021060382542419247e+05 -1.215412022293396061e+06 1.172968070356727578e+07 -6.561753171102905180e+05 -2.819952585489578079e+06 1.017145504877700820e+06 6.208763725257110782e+05 -1.246633169071984245e+06 -1.003827934190690517e+06 -3.092096542362070177e+06 -9.949687312022781698e+05
-1.158887861793422635e+05 -6.113404382109260187e+05 -1.221692470691142138e+06 1.062187636808681418e+05 7.125180631636047037e+05 5.673418659959793149e+04 7.520685836664963281e+05 -3.979183926214599633e+05 4.325700248313903576e+05 1.243180988999176043e+05 1.230770568356323201e+05 -6.561753171102905180e+05 9.257572853045769036e+06 1.474717094160919078e+06 2.001954457476425217e+06 2.245358428136444127e+05 -8.328221482192039257e+05 3.056316958705258439e+05 5.404039492030763067e+05 9.336202159451865591e+05
-2.584633296443080762e+05 3.702834915071010619e+04 3.804597693542432971e+05 8.655021356746673700e+04 2.307104670128631697e+05 -9.076056850825309521e+05 1.320755148853397463e+06 -1.540710840138244675e+05 -1.755100589580917440e+05 -1.768595766861648532e+06 8.092271427916717948e+05 -2.819952585489578079e+06 1.474717094160919078e+06 1.460711188017642871e+07 1.752879786242980976e+06 6.871942670902061509e+05 1.486783649344139034e+06 1.953448599710318958e+06 -2.688978338634395623e+05 -1.319709393316955538e+06
-1.728809253651008476e+06 -6.779664177639054833e+05 -3.924210630600356963e+05 8.246727262010192499e+05 -5.656373093581581488e+05 -1.470660129141826648e+06 -2.453242472615547013e+06 1.061317382689132588e+06 4.290281691325378488e+05 5.462352855351562612e+06 2.200037696051330771e+06 1.017145504877700820e+06 2.001954457476425217e+06 1.752879786242980976e+06 6.053397560467986763e+07 -1.142442086545486469e+06 7.106901001828908920e+05 7.257500242064917460e+06 -1.149569309014205821e+06 3.190507155906372238e+06
4.828236674377584131e+05 -2.700624840680837515e+05 -2.937862480193996453e+05 -1.054725721159858629e+06 -8.897881498820686247e+05 -6.750913614283561765e+04 9.181556020646095276e+05 -1.357883303211364662e+06 5.614533047050667228e+05 7.875767796782684745e+05 -1.857870298849411076e+06 6.208763725257110782e+05 2.245358428136444127e+05 6.871942670902061509e+05 -1.142442086545486469e+06 8.290989241287231445e+06 5.428139259352684021e+05 -9.808129494491886580e+05 2.785347397626542952e+05 1.358601094815731049e+06
2.995344247564083198e+05 -1.115819718705743617e+04 2.514796285800808691e+05 -8.163639390719533549e+04 2.926014488362526754e+05 -2.323590117037081800e+05 -3.317866933849811176e+04 5.373366133885860472e+04 7.289323614521026320e+04 -2.476247145177268831e+05 9.036632036859655054e+05 -1.246633169071984245e+06 -8.328221482192039257e+05 1.486783649344139034e+06 7.106901001828908920e+05 5.428139259352684021e+05 4.863957625263866968e+06 -1.593231210676724091e+06 -6.556192576302444795e+05 -2.636801768956446904e+05
-1.977457684099799371e+05 -9.038471855684579350e+05 -8.705193834704481997e+05 5.321655855093275895e+05 -1.363675353313298896e+06 -1.352512278229526244e+06 -1.796903818059335928e+06 -5.952835618786525447e+05 8.116891828104043379e+05 8.729807769538020948e+05 -1.674091354958031094e+06 -1.003827934190690517e+06 3.056316958705258439e+05 1.953448599710318958e+06 7.257500242064917460e+06 -9.808129494491886580e+05 -1.593231210676724091e+06 3.091922999155146629e+07 1.520911849730220390e+06 -3.520091669768484309e+06
1.027317912199698621e+06 1.485862387854784611e+05 -1.026311807609097334e+06 -2.405626623973989335e+05 -5.998966569599818904e+05 -9.952122844759082654e+05 1.587077478714652127e+06 2.020211167080244981e+06 1.439844231618776219e+06 -1.145091032011384843e+06 4.782523858175754431e+05 -3.092096542362070177e+06 5.404039492030763067e+05 -2.688978338634395623e+05 -1.149569309014205821e+06 2.785347397626542952e+05 -6.556192576302444795e+05 1.520911849730220390e+06 2.235669860715226829e+07 4.696795454008341039e+04
1.809356236019611242e+04 5.498380124774050200e+05 3.250639751814007759e+05 4.788201690720033366e+05 4.104401825721072964e+05 -1.735894711421871034e+05 -5.678046561289787496e+04 2.300001243310546852e+05 -5.797910292656135280e+05 -3.812573541937637492e+05 -7.233883988663863856e+05 -9.949687312022781698e+05 9.336202159451865591e+05 -1.319709393316955538e+06 3.190507155906372238e+06 1.358601094815731049e+06 -2.636801768956446904e+05 -3.520091669768484309e+06 4.696795454008341039e+04 1.848778685611281544e+07
