1.698437871039716061e+06 -7.673685598692297935e+04 -1.189490277835249872e+05 4.615964074725437094e+05 -4.989318610889911361e+04 2.642230179172897479e+05 -1.903504619837665523e+05 -1.623755530794239021e+05 5.032751156518936041e+05 2.747599956223297049e+05 -1.043685314549560542e+06 2.706759918532562442e+05 -1.810598112607097719e+05 4.564221165035963058e+05 -2.931343102595472592e+05 -3.506657956105828052e+05 7.677576922833322897e+04 -7.073674808449030388e+05 1.583143480483639287e+05
-7.673685598692297935e+04 1.773851841774114175e+06 -2.162223386852806725e+05 5.172417709836959693e+04 4.253001304634857224e+05 -1.022064136080551107e+05 -3.260287846536540892e+05 -3.056010413811922190e+05 -1.565122796287536630e+03 -1.902631292714595911e+05 9.678546804915905232e+05 3.302941410807752400e+05 2.563459443868160088e+04 -1.189299115550994793e+04 -2.531695065207481457e+04 -1.351207736149638949e+05 3.250988437387454323e+05 4.015670270657658693e+05 -6.810584890559077030e+04
-1.189490277835249872e+05 -2.162223386852806725e+05 2.770290783074569888e+06 2.618548180566644587e+05 1.363365014410972653e+05 2.607586409045791661e+05 -2.815459832460593898e+05 -4.737216619385719532e+05 2.372599980419540370e+05 -9.831310013706206519e+04 -2.122368112063407898e+06 -5.278723799995994195e+05 5.683034186474990565e+05 -6.267006996273708064e+05 -8.372680633318806067e+05 6.975935109890699096e+04 2.111446579458743217e+05 1.789768856499767280e+05 -1.134096858257389162e+06
4.615964074725437094e+05 5.172417709836959693e+04 2.618548180566644587e+05 3.763061409695234150e+06 1.170506639122009256e+04 5.520316299345016159e+04 -7.580445825331878150e+05 1.617902246063232305e+05 -8.229147610545729985e+05 5.769505233891677344e+05 3.915391100543976063e+05 -3.472726573213577503e+05 4.117186147549438174e+05 -6.478014716431903653e+05 -3.667548562522887951e+05 5.693644062631988199e+05 -1.311998332733470248e+06 2.014194824091052869e+05 9.934249101528668543e+05
-4.989318610889911361e+04 4.253001304634857224e+05 1.363365014410972653e+05 1.170506639122009256e+04 3.858057572825946845e+06 -5.644472352068710607e+05 -4.995823613262176514e+04 -4.684392610867309268e+05 1.165623729334030068e+06 4.049502574218750233e+05 4.776480705981445499e+05 2.008960747040176357e+05 -4.530586961116790917e+04 1.233131090159282787e+06 -6.311016502183341654e+05 -8.577976726552677574e+05 -8.970535091715288581e+05 1.436767385069847223e+05 -3.510563322133541078e+04
2.642230179172897479e+05 -1.022064136080551107e+05 2.607586409045791661e+05 5.520316299345016159e+04 -5.644472352068710607e+05 7.506110671834487468e+06 3.987179868788910098e+05 -1.748449110784378136e+06 -1.455444008322143462e+06 -6.572560431417846121e+05 -2.143550198768005241e+06 -1.670539729270934913e+04 5.186348985086059547e+05 5.184758665897750761e+05 5.490371816393280169e+05 -3.426220796479225100e+04 -4.204040354839110514e+05 7.815305872571181972e+05 -7.344300036363601685e+05
-1.903504619837665523e+05 -3.260287846536540892e+05 -2.815459832460593898e+05 -7.580445825331878150e+05 -4.995823613262176514e+04 3.987179868788910098e+05 7.531964713796539232e+06 -1.051370114653015189e+05 -7.800652533142089669e+04 -6.482202627928161528e+05 -5.813615326698303688e+05 -7.525730192074584775e+05 4.656927987769317697e+05 5.602213931705474388e+05 1.637211241755409166e+06 -3.411046659869384603e+05 -4.506555499381971313e+05 1.431492565395355341e+05 -1.143565638356122887e+06
-1.623755530794239021e+05 -3.056010413811922190e+05 -4.737216619385719532e+05 1.617902246063232305e+05 -4.684392610867309268e+05 -1.748449110784378136e+06 -1.051370114653015189e+05 9.882527472038727254e+06 -1.080742699721832294e+06 -9.686548612161254277e+05 1.361510395514373668e+06 -7.566690682685852516e+05 1.260276717304687481e+06 3.963163628756332328e+05 4.884760528520965599e+05 3.129237804305648897e+05 -4.633902902114867902e+04 5.670060728635025444e+05 -8.532883450863074977e+05
5.032751156518936041e+05 -1.565122796287536630e+03 2.372599980419540370e+05 -8.229147610545729985e+05 1.165623729334030068e+06 -1.455444008322143462e+06 -7.800652533142089669e+04 -1.080742699721832294e+06 9.398373091394348070e+06 5.063077641687011928e+05 8.277795651654052781e+05 1.539115134494018566e+05 -1.791277260391845601e+06 1.555234990398330614e+06 1.350040174945449922e+06 -6.022691860997199547e+05 5.881286531260299962e+05 -1.933075950977210887e+06 4.697634784233855898e+05
2.747599956223297049e+05 -1.902631292714595911e+05 -9.831310013706206519e+04 5.769505233891677344e+05 4.049502574218750233e+05 -6.572560431417846121e+05 -6.482202627928161528e+05 -9.686548612161254277e+05 5.063077641687011928e+05 8.730920464262237772e+06 2.276864083103027195e+06 -2.798399005004882929e+05 1.098203135305023286e+06 8.734897637656402076e+05 -1.218423619574890239e+06 -5.437521760441017104e+05 6.167180437869215384e+05 -3.237786348376465030e+05 3.247011385271301027e+06
-1.043685314549560542e+06 9.678546804915905232e+05 -2.122368112063407898e+06 3.915391100543976063e+05 4.776480705981445499e+05 -2.143550198768005241e+06 -5.813615326698303688e+05 1.361510395514373668e+06 8.277795651654052781e+05 2.276864083103027195e+06 1.859323790620514005e+07 -7.863169842471313896e+05 -4.449107709764098981e+05 1.044645861822967534e+06 -1.761391693686676153e+05 -8.701259786311911885e+05 -1.294615868981309002e+06 -1.435482616527671693e+06 1.981292701544838026e+06
2.706759918532562442e+05 3.302941410807752400e+05 -5.278723799995994195e+05 -3.472726573213577503e+05 2.008960747040176357e+05 -1.670539729270934913e+04 -7.525730192074584775e+05 -7.566690682685852516e+05 1.539115134494018566e+05 -2.798399005004882929e+05 -7.863169842471313896e+05 8.980062334472350776e+06 2.837379920704650576e+05 5.493923824297714746e+05 -7.898706495548629900e+05 1.209448073192081414e+06 -3.267666907809305121e+05 -3.466450189270019473e+04 1.741550228164300788e+06
-1.810598112607097719e+05 2.563459443868160088e+04 5.683034186474990565e+05 4.117186147549438174e+05 -4.530586961116790917e+04 5.186348985086059547e+05 4.656927987769317697e+05 1.260276717304687481e+06 -1.791277260391845601e+06 1.098203135305023286e+06 -4.449107709764098981e+05 2.837379920704650576e+05 7.847411098274230957e+06 -1.685668944249343767e+05 -4.982809094841384795e+05 -2.869557661233902036e+04 3.237993362010669662e+05 1.637973445789489662e+06 1.412745303828048636e+05
4.564221165035963058e+05 -1.189299115550994793e+04 -6.267006996273708064e+05 -6.478014716431903653e+05 1.233131090159282787e+06 5.184758665897750761e+05 5.602213931705474388e+05 3.963163628756332328e+05 1.555234990398330614e+06 8.734897637656402076e+05 1.044645861822967534e+06 5.493923824297714746e+05 -1.685668944249343767e+05 5.801598321229591034e+06 1.116917575251388480e+05 -1.106951415151777212e+06 -2.682545437367248232e+05 -4.695522825259781093e+05 4.931156717663526651e+05
-2.931343102595472592e+05 -2.531695065207481457e+04 -8.372680633318806067e+05 -3.667548562522887951e+05 -6.311016502183341654e+05 5.490371816393280169e+05 1.637211241755409166e+06 4.884760528520965599e+05 1.350040174945449922e+06 -1.218423619574890239e+06 -1.761391693686676153e+05 -7.898706495548629900e+05 -4.982809094841384795e+05 1.116917575251388480e+05 6.451366952209968120e+06 1.504881341451773653e+06 -6.215840880949187558e+05 -1.069119687744569732e+06 -1.033882176821465488e+06
-3.506657956105828052e+05 -1.351207736149638949e+05 6.975935109890699096e+04 5.693644062631988199e+05 -8.577976726552677574e+05 -3.426220796479225100e+04 -3.411046659869384603e+05 3.129237804305648897e+05 -6.022691860997199547e+05 -5.437521760441017104e+05 -8.701259786311911885e+05 1.209448073192081414e+06 -2.869557661233902036e+04 -1.106951415151777212e+06 1.504881341451773653e+06 6.732436221157078631e+06 5.824323100075471448e+05 -2.409760708506631781e+05 -7.916724725790738594e+05
7.677576922833322897e+04 3.250988437387454323e+05 2.111446579458743217e+05 -1.311998332733470248e+06 -8.970535091715288581e+05 -4.204040354839110514e+05 -4.506555499381971313e+05 -4.633902902114867902e+04 5.881286531260299962e+05 6.167180437869215384e+05 -1.294615868981309002e+06 -3.267666907809305121e+05 3.237993362010669662e+05 -2.682545437367248232e+05 -6.215840880949187558e+05 5.824323100075471448e+05 9.661196701350206509e+06 8.257556651280033402e+05 -1.258943813627497060e+06
-7.073674808449030388e+05 4.015670270657658693e+05 1.789768856499767280e+05 2.014194824091052869e+05 1.436767385069847223e+05 7.815305872571181972e+05 1.431492565395355341e+05 5.670060728635025444e+05 -1.933075950977210887e+06 -3.237786348376465030e+05 -1.435482616527671693e+06 -3.466450189270019473e+04 1.637973445789489662e+06 -4.695522825259781093e+05 -1.069119687744569732e+06 -2.409760708506631781e+05 8.257556651280033402e+05 1.141195225565995276e+07 -1.272780685398688307e+06
1.583143480483639287e+05 -6.810584890559077030e+04 -1.134096858257389162e+06 9.934249101528668543e+05 -3.510563322133541078e+04 -7.344300036363601685e+05 -1.143565638356122887e+06 -8.532883450863074977e+05 4.697634784233855898e+05 3.247011385271301027e+06 1.981292701544838026e+06 1.741550228164300788e+06 1.412745303828048636e+05 4.931156717663526651e+05 -1.033882176821465488e+06 -7.916724725790738594e+05 -1.258943813627497060e+06 -1.272780685398688307e+06 9.815689727169174701e+06
